# name: debug
# type: sparse matrix
# nnz: 2772
# rows: 312
# columns: 312

1 1 1000.000000000
2 1 0.000000000
3 1 0.000000000
4 1 -500.000000000
5 1 0.000000000
6 1 0.000000000
1 2 0.000000000
2 2 1000.000000000
3 2 225.000000000
4 2 0.000000000
5 2 -500.000000000
6 2 0.000000000
1 3 0.000000000
2 3 225.000000000
3 3 1101.250000000
4 3 0.000000000
5 3 -225.000000000
6 3 -500.000000000
1 4 -500.000000000
2 4 0.000000000
3 4 0.000000000
4 4 1000.000000000
5 4 0.000000000
6 4 0.000000000
7 4 -500.000000000
8 4 0.000000000
9 4 0.000000000
1 5 0.000000000
2 5 -500.000000000
3 5 -225.000000000
4 5 0.000000000
5 5 1000.000000000
6 5 225.000000000
7 5 0.000000000
8 5 -500.000000000
9 5 0.000000000
1 6 0.000000000
2 6 0.000000000
3 6 -500.000000000
4 6 0.000000000
5 6 225.000000000
6 6 1101.250000000
7 6 0.000000000
8 6 -225.000000000
9 6 -500.000000000
4 7 -500.000000000
5 7 0.000000000
6 7 0.000000000
7 7 1000.000000000
8 7 0.000000000
9 7 0.000000000
10 7 -500.000000000
11 7 0.000000000
12 7 0.000000000
4 8 0.000000000
5 8 -500.000000000
6 8 -225.000000000
7 8 0.000000000
8 8 1000.000000000
9 8 225.000000000
10 8 0.000000000
11 8 -500.000000000
12 8 0.000000000
4 9 0.000000000
5 9 0.000000000
6 9 -500.000000000
7 9 0.000000000
8 9 225.000000000
9 9 1101.250000000
10 9 0.000000000
11 9 -225.000000000
12 9 -500.000000000
7 10 -500.000000000
8 10 0.000000000
9 10 0.000000000
10 10 1000.000000000
11 10 0.000000000
12 10 -20.007860418
13 10 -500.000000000
14 10 0.000000000
15 10 0.000000000
7 11 0.000000000
8 11 -500.000000000
9 11 -225.000000000
10 11 0.000000000
11 11 1000.000000000
12 11 313.202617298
13 11 0.000000000
14 11 -500.000000000
15 11 0.000000000
7 12 0.000000000
8 12 0.000000000
9 12 -500.000000000
10 12 -20.007860418
11 12 313.202617298
12 12 1196.992387922
13 12 20.007860418
14 12 -313.202617298
15 12 -500.000000000
10 13 -500.000000000
11 13 0.000000000
12 13 20.007860418
13 13 1000.000000000
14 13 0.000000000
15 13 -125.866209570
16 13 -500.000000000
17 13 0.000000000
18 13 0.000000000
10 14 0.000000000
11 14 -500.000000000
12 14 -313.202617298
13 14 -0.000000000
14 14 1000.000000000
15 14 326.306960104
16 14 -0.000000000
17 14 -500.000000000
18 14 0.000000000
10 15 0.000000000
11 15 0.000000000
12 15 -500.000000000
13 15 -125.866209570
14 15 326.306960104
15 15 1244.637069848
16 15 125.866209570
17 15 -326.306960104
18 15 -500.000000000
13 16 -500.000000000
14 16 -0.000000000
15 16 125.866209570
16 16 1000.000000000
17 16 0.000000000
18 16 7.528071849
19 16 -500.000000000
20 16 0.000000000
21 16 0.000000000
13 17 0.000000000
14 17 -500.000000000
15 17 -326.306960104
16 17 -0.000000000
17 17 1000.000000000
18 17 272.505522958
19 17 0.000000000
20 17 -500.000000000
21 17 0.000000000
13 18 0.000000000
14 18 0.000000000
15 18 -500.000000000
16 18 7.528071849
17 18 272.505522958
18 18 1148.631863817
19 18 -7.528071849
20 18 -272.505522958
21 18 -500.000000000
16 19 -500.000000000
17 19 0.000000000
18 19 -7.528071849
19 19 1000.000000000
20 19 0.000000000
21 19 -4.703367026
22 19 -500.000000000
23 19 0.000000000
24 19 0.000000000
16 20 0.000000000
17 20 -500.000000000
18 20 -272.505522958
19 20 0.000000000
20 20 1000.000000000
21 20 245.590500290
22 20 0.000000000
23 20 -500.000000000
24 20 0.000000000
16 21 0.000000000
17 21 0.000000000
18 21 -500.000000000
19 21 -4.703367026
20 21 245.590500290
21 21 1120.673630988
22 21 4.703367026
23 21 -245.590500290
24 21 -500.000000000
19 22 -500.000000000
20 22 0.000000000
21 22 4.703367026
22 22 1000.000000000
23 22 0.000000000
24 22 -41.497974083
25 22 -500.000000000
26 22 0.000000000
27 22 0.000000000
19 23 0.000000000
20 23 -500.000000000
21 23 -245.590500290
22 23 0.000000000
23 23 1000.000000000
24 23 259.829222827
25 23 0.000000000
26 23 -500.000000000
27 23 0.000000000
19 24 0.000000000
20 24 0.000000000
21 24 -500.000000000
22 24 -41.497974083
23 24 259.829222827
24 24 1138.466613775
25 24 41.497974083
26 24 -259.829222827
27 24 -500.000000000
22 25 -500.000000000
23 25 0.000000000
24 25 41.497974083
25 25 1000.000000000
26 25 0.000000000
27 25 -116.684259032
28 25 -500.000000000
29 25 0.000000000
30 25 0.000000000
22 26 0.000000000
23 26 -500.000000000
24 26 -259.829222827
25 26 0.000000000
26 26 1000.000000000
27 26 224.447060894
28 26 0.000000000
29 26 -500.000000000
30 26 0.000000000
22 27 0.000000000
23 27 0.000000000
24 27 -500.000000000
25 27 -116.684259032
26 27 224.447060894
27 27 1127.983398900
28 27 116.684259032
29 27 -224.447060894
30 27 -500.000000000
25 28 -500.000000000
26 28 0.000000000
27 28 116.684259032
28 28 1000.000000000
29 28 0.000000000
30 28 4.033438717
31 28 -500.000000000
32 28 0.000000000
33 28 0.000000000
25 29 0.000000000
26 29 -500.000000000
27 29 -224.447060894
28 29 0.000000000
29 29 1000.000000000
30 29 244.379790395
31 29 0.000000000
32 29 -500.000000000
33 29 0.000000000
25 30 0.000000000
26 30 0.000000000
27 30 -500.000000000
28 30 4.033438717
29 30 244.379790395
30 30 1119.475501163
31 30 -4.033438717
32 30 -244.379790395
33 30 -500.000000000
28 31 -500.000000000
29 31 0.000000000
30 31 -4.033438717
31 31 1000.000000000
32 31 0.000000000
33 31 -18.277271211
34 31 -500.000000000
35 31 0.000000000
36 31 0.000000000
28 32 0.000000000
29 32 -500.000000000
30 32 -244.379790395
31 32 0.000000000
32 32 1000.000000000
33 32 260.640610381
34 32 0.000000000
35 32 -500.000000000
36 32 0.000000000
28 33 0.000000000
29 33 0.000000000
30 33 -500.000000000
31 33 -18.277271211
32 33 260.640610381
33 33 1136.535172846
34 33 18.277271211
35 33 -260.640610381
36 33 -500.000000000
31 34 -500.000000000
32 34 0.000000000
33 34 18.277271211
34 34 1000.000000000
35 34 0.000000000
36 34 129.062609488
37 34 -500.000000000
38 34 0.000000000
39 34 0.000000000
31 35 0.000000000
32 35 -500.000000000
33 35 -260.640610381
34 35 0.000000000
35 35 1000.000000000
36 35 321.254938940
37 35 0.000000000
38 35 -500.000000000
39 35 0.000000000
31 36 0.000000000
32 36 0.000000000
33 36 -500.000000000
34 36 129.062609488
35 36 321.254938940
36 36 1239.723785922
37 36 -129.062609488
38 36 -321.254938940
39 36 -500.000000000
34 37 -500.000000000
35 37 0.000000000
36 37 -129.062609488
37 37 1000.000000000
38 37 0.000000000
39 37 -39.994340157
40 37 -500.000000000
41 37 0.000000000
42 37 0.000000000
34 38 0.000000000
35 38 -500.000000000
36 38 -321.254938940
37 38 0.000000000
38 38 1000.000000000
39 38 225.332955677
40 38 0.000000000
41 38 -500.000000000
42 38 0.000000000
34 39 0.000000000
35 39 0.000000000
36 39 -500.000000000
37 39 -39.994340157
38 39 225.332955677
39 39 1104.748976317
40 39 39.994340157
41 39 -225.332955677
42 39 -500.000000000
37 40 -500.000000000
38 40 0.000000000
39 40 39.994340157
40 40 1000.000000000
41 40 0.000000000
42 40 -14.510331489
43 40 -500.000000000
44 40 0.000000000
45 40 0.000000000
37 41 0.000000000
38 41 -500.000000000
39 41 -225.332955677
40 41 0.000000000
41 41 1000.000000000
42 41 233.062880674
43 41 0.000000000
44 41 -500.000000000
45 41 0.000000000
37 42 0.000000000
38 42 0.000000000
39 42 -500.000000000
40 42 -14.510331489
41 42 233.062880674
42 42 1109.057712136
43 42 14.510331489
44 42 -233.062880674
45 42 -500.000000000
40 43 -500.000000000
41 43 0.000000000
42 43 14.510331489
43 43 1000.000000000
44 43 0.000000000
45 43 30.829626578
46 43 -500.000000000
47 43 0.000000000
48 43 0.000000000
40 44 0.000000000
41 44 -500.000000000
42 44 -233.062880674
43 44 0.000000000
44 44 1000.000000000
45 44 123.361693286
46 44 0.000000000
47 44 -500.000000000
48 44 0.000000000
40 45 0.000000000
41 45 0.000000000
42 45 -500.000000000
43 45 30.829626578
44 45 123.361693286
45 45 1032.337146491
46 45 -30.829626578
47 45 -123.361693286
48 45 -500.000000000
43 46 -500.000000000
44 46 0.000000000
45 46 -30.829626578
46 46 1000.000000000
47 46 0.000000000
48 46 -33.535175222
49 46 -500.000000000
50 46 0.000000000
51 46 0.000000000
43 47 0.000000000
44 47 -500.000000000
45 47 -123.361693286
46 47 0.000000000
47 47 1000.000000000
48 47 290.826861704
49 47 0.000000000
