1.000000000000000000e+00 -0.000000000000000000e+00 0.000000000000000000e+00 -8.000000000000000000e+00 0.000000000000000000e+00 1.000000000000000000e+00 0.000000000000000000e+00 5.000000000000000000e+00 0.000000000000000000e+00 0.000000000000000000e+00 1.000000000000000000e+00 0.000000000000000000e+00
9.999983267031682388e-01 -1.829368979640211236e-03 0.000000000000000000e+00 -8.017789999999999750e+00 1.829368979640211236e-03 9.999983267031682388e-01 0.000000000000000000e+00 4.583750000000000213e+00 0.000000000000000000e+00 0.000000000000000000e+00 1.000000000000000000e+00 0.000000000000000000e+00
9.999323199683198826e-01 -1.163423752437283548e-02 0.000000000000000000e+00 -8.034760000000000346e+00 1.163423752437283548e-02 9.999323199683198826e-01 0.000000000000000000e+00 4.167510000000000048e+00 0.000000000000000000e+00 0.000000000000000000e+00 1.000000000000000000e+00 0.000000000000000000e+00
9.991327349818567294e-01 -4.163865857199212234e-02 0.000000000000000000e+00 -8.012639999999999318e+00 4.163865857199212234e-02 9.991327349818567294e-01 0.000000000000000000e+00 3.798389999999999933e+00 0.000000000000000000e+00 0.000000000000000000e+00 1.000000000000000000e+00 0.000000000000000000e+00
9.980437113288654905e-01 -6.251999901554856909e-02 0.000000000000000000e+00 -7.977009999999999934e+00 6.251999901554856909e-02 9.980437113288654905e-01 0.000000000000000000e+00 3.429640000000000022e+00 0.000000000000000000e+00 0.000000000000000000e+00 1.000000000000000000e+00 0.000000000000000000e+00
9.902617130877213736e-01 -1.392183162969992949e-01 0.000000000000000000e+00 -7.947429999999999772e+00 1.392183162969992949e-01 9.902617130877213736e-01 0.000000000000000000e+00 2.908269999999999911e+00 0.000000000000000000e+00 0.000000000000000000e+00 1.000000000000000000e+00 0.000000000000000000e+00
9.996942439702154459e-01 -2.472687956090035763e-02 0.000000000000000000e+00 -7.718189999999999884e+00 2.472687956090035763e-02 9.996942439702154459e-01 0.000000000000000000e+00 2.368040000000000145e+00 0.000000000000000000e+00 0.000000000000000000e+00 1.000000000000000000e+00 0.000000000000000000e+00
9.991722517555592376e-01 4.067937218942028338e-02 0.000000000000000000e+00 -7.695429999999999993e+00 -4.067937218942028338e-02 9.991722517555592376e-01 0.000000000000000000e+00 1.871969999999999912e+00 0.000000000000000000e+00 0.000000000000000000e+00 1.000000000000000000e+00 0.000000000000000000e+00
9.992807817085304078e-01 -3.791990648707245504e-02 0.000000000000000000e+00 -7.676610000000000156e+00 3.791990648707245504e-02 9.992807817085304078e-01 0.000000000000000000e+00 1.429880000000000040e+00 0.000000000000000000e+00 0.000000000000000000e+00 1.000000000000000000e+00 0.000000000000000000e+00
9.979354714443257057e-01 -6.422456565202613876e-02 0.000000000000000000e+00 -7.681309999999999860e+00 6.422456565202613876e-02 9.979354714443257057e-01 0.000000000000000000e+00 9.226010000000000044e-01 0.000000000000000000e+00 0.000000000000000000e+00 1.000000000000000000e+00 0.000000000000000000e+00
9.992051254263463189e-01 -3.986373441763209347e-02 0.000000000000000000e+00 -7.537980000000000125e+00 3.986373441763209347e-02 9.992051254263463189e-01 0.000000000000000000e+00 4.677979999999999916e-01 0.000000000000000000e+00 0.000000000000000000e+00 1.000000000000000000e+00 0.000000000000000000e+00
9.842176622040544887e-01 1.769621242118934734e-01 0.000000000000000000e+00 -7.596529999999999561e+00 -1.769621242118934734e-01 9.842176622040544887e-01 0.000000000000000000e+00 4.784109999999999752e-02 0.000000000000000000e+00 0.000000000000000000e+00 1.000000000000000000e+00 0.000000000000000000e+00
9.762986381958079773e-01 2.164277455803918226e-01 0.000000000000000000e+00 -7.595080000000000275e+00 -2.164277455803918226e-01 9.762986381958079773e-01 0.000000000000000000e+00 -4.103089999999999793e-01 0.000000000000000000e+00 0.000000000000000000e+00 1.000000000000000000e+00 0.000000000000000000e+00
9.768092578126943426e-01 2.141113585296520738e-01 0.000000000000000000e+00 -7.874850000000000350e+00 -2.141113585296520738e-01 9.768092578126943426e-01 0.000000000000000000e+00 -9.594580000000000330e-01 0.000000000000000000e+00 0.000000000000000000e+00 1.000000000000000000e+00 0.000000000000000000e+00
9.968352541012138746e-01 7.949513306466168827e-02 0.000000000000000000e+00 -7.808819999999999872e+00 -7.949513306466168827e-02 9.968352541012138746e-01 0.000000000000000000e+00 -1.333239999999999981e+00 0.000000000000000000e+00 0.000000000000000000e+00 1.000000000000000000e+00 0.000000000000000000e+00
9.915073599207308019e-01 1.300505871690800508e-01 0.000000000000000000e+00 -7.860680000000000334e+00 -1.300505871690800508e-01 9.915073599207308019e-01 0.000000000000000000e+00 -1.837749999999999995e+00 0.000000000000000000e+00 0.000000000000000000e+00 1.000000000000000000e+00 0.000000000000000000e+00
9.977921875777123750e-01 6.641348062617477566e-02 0.000000000000000000e+00 -7.980480000000000018e+00 -6.641348062617477566e-02 9.977921875777123750e-01 0.000000000000000000e+00 -2.120509999999999895e+00 0.000000000000000000e+00 0.000000000000000000e+00 1.000000000000000000e+00 0.000000000000000000e+00
9.973288148424221955e-01 7.304269357717867173e-02 0.000000000000000000e+00 -7.917819999999999858e+00 -7.304269357717867173e-02 9.973288148424221955e-01 0.000000000000000000e+00 -2.741680000000000117e+00 0.000000000000000000e+00 0.000000000000000000e+00 1.000000000000000000e+00 0.000000000000000000e+00
9.837091439146143923e-01 1.797674057741735776e-01 0.000000000000000000e+00 -8.072259999999999991e+00 -1.797674057741735776e-01 9.837091439146143923e-01 0.000000000000000000e+00 -3.194129999999999914e+00 0.000000000000000000e+00 0.000000000000000000e+00 1.000000000000000000e+00 0.000000000000000000e+00
9.826914734617681058e-01 1.852497449000646279e-01 0.000000000000000000e+00 -7.935719999999999885e+00 -1.852497449000646279e-01 9.826914734617681058e-01 0.000000000000000000e+00 -3.548319999999999919e+00 0.000000000000000000e+00 0.000000000000000000e+00 1.000000000000000000e+00 0.000000000000000000e+00
9.976458377690271551e-01 6.857683560894345387e-02 0.000000000000000000e+00 -8.055809999999999249e+00 -6.857683560894345387e-02 9.976458377690271551e-01 0.000000000000000000e+00 -3.526359999999999939e+00 0.000000000000000000e+00 0.000000000000000000e+00 1.000000000000000000e+00 0.000000000000000000e+00
9.997933181075148168e-01 -2.033029924928751730e-02 0.000000000000000000e+00 -7.972319999999999851e+00 2.033029924928751730e-02 9.997933181075148168e-01 0.000000000000000000e+00 -3.815139999999999976e+00 0.000000000000000000e+00 0.000000000000000000e+00 1.000000000000000000e+00 0.000000000000000000e+00
9.921613448722809148e-01 -1.249634576235259392e-01 0.000000000000000000e+00 -7.858539999999999637e+00 1.249634576235259392e-01 9.921613448722809148e-01 0.000000000000000000e+00 -4.298919999999999852e+00 0.000000000000000000e+00 0.000000000000000000e+00 1.000000000000000000e+00 0.000000000000000000e+00
9.462401572176858400e-01 -3.234649360729058842e-01 0.000000000000000000e+00 -7.672320000000000029e+00 3.234649360729058842e-01 9.462401572176858400e-01 0.000000000000000000e+00 -4.691049999999999720e+00 0.000000000000000000e+00 0.000000000000000000e+00 1.000000000000000000e+00 0.000000000000000000e+00
8.867019765351445981e-01 -4.623414374773993085e-01 0.000000000000000000e+00 -7.500770000000000159e+00 4.623414374773993085e-01 8.867019765351445981e-01 0.000000000000000000e+00 -5.108270000000000088e+00 0.000000000000000000e+00 0.000000000000000000e+00 1.000000000000000000e+00 0.000000000000000000e+00
8.198181233284622671e-01 -5.726239993767272551e-01 0.000000000000000000e+00 -7.258720000000000283e+00 5.726239993767272551e-01 8.198181233284622671e-01 0.000000000000000000e+00 -5.388329999999999842e+00 0.000000000000000000e+00 0.000000000000000000e+00 1.000000000000000000e+00 0.000000000000000000e+00
7.175715666300565010e-01 -6.964847785587897633e-01 0.000000000000000000e+00 -6.997670000000000279e+00 6.964847785587897633e-01 7.175715666300565010e-01 0.000000000000000000e+00 -5.524899999999999700e+00 0.000000000000000000e+00 0.000000000000000000e+00 1.000000000000000000e+00 0.000000000000000000e+00
6.619882087376732782e-01 -7.495142503597158612e-01 0.000000000000000000e+00 -6.768040000000000056e+00 7.495142503597158612e-01 6.619882087376732782e-01 0.000000000000000000e+00 -5.693340000000000067e+00 0.000000000000000000e+00 0.000000000000000000e+00 1.000000000000000000e+00 0.000000000000000000e+00
4.877026869547255172e-01 -8.730097875379982941e-01 0.000000000000000000e+00 -6.388110000000000177e+00 8.730097875379982941e-01 4.877026869547255172e-01 0.000000000000000000e+00 -5.933559999999999945e+00 0.000000000000000000e+00 0.000000000000000000e+00 1.000000000000000000e+00 0.000000000000000000e+00
2.895209613765005741e-01 -9.571716736947593063e-01 0.000000000000000000e+00 -6.046739999999999782e+00 9.571716736947593063e-01 2.895209613765005741e-01 0.000000000000000000e+00 -6.595650000000000013e+00 0.000000000000000000e+00 0.000000000000000000e+00 1.000000000000000000e+00 0.000000000000000000e+00
-5.607424564277516815e-02 9.984266016966863999e-01 0.000000000000000000e+00 -5.817359999999999864e+00 -9.984266016966863999e-01 -5.607424564277516815e-02 0.000000000000000000e+00 -7.071550000000000225e+00 0.000000000000000000e+00 0.000000000000000000e+00 1.000000000000000000e+00 0.000000000000000000e+00
1.579566987614212936e-02 9.998752406241310231e-01 0.000000000000000000e+00 -5.375189999999999912e+00 -9.998752406241310231e-01 1.579566987614212936e-02 0.000000000000000000e+00 -7.051090000000000302e+00 0.000000000000000000e+00 0.000000000000000000e+00 1.000000000000000000e+00 0.000000000000000000e+00
5.598703644946659980e-02 9.984314957720464845e-01 0.000000000000000000e+00 -5.057450000000000223e+00 -9.984314957720464845e-01 5.598703644946659980e-02 0.000000000000000000e+00 -7.041890000000000427e+00 0.000000000000000000e+00 0.000000000000000000e+00 1.000000000000000000e+00 0.000000000000000000e+00
2.825547336284329192e-01 9.592511780050965164e-01 0.000000000000000000e+00 -4.737309999999999910e+00 -9.592511780050965164e-01 2.825547336284329192e-01 0.000000000000000000e+00 -7.107429999999999914e+00 0.000000000000000000e+00 0.000000000000000000e+00 1.000000000000000000e+00 0.000000000000000000e+00
4.843029974677237059e-01 8.749003409782042384e-01 0.000000000000000000e+00 -4.323559999999999626e+00 -8.749003409782042384e-01 4.843029974677237059e-01 0.000000000000000000e+00 -6.777870000000000061e+00 0.000000000000000000e+00 0.000000000000000000e+00 1.000000000000000000e+00 0.000000000000000000e+00
6.500379123615207533e-01 7.599017781875996302e-01 0.000000000000000000e+00 -3.905019999999999936e+00 -7.599017781875996302e-01 6.500379123615207533e-01 0.000000000000000000e+00 -6.484020000000000117e+00 0.000000000000000000e+00 0.000000000000000000e+00 1.000000000000000000e+00 0.000000000000000000e+00
8.033314241816847945e-01 5.955322182067280812e-01 0.000000000000000000e+00 -3.690059999999999896e+00 -5.955322182067280812e-01 8.033314241816847945e-01 0.000000000000000000e+00 -6.133610000000000007e+00 0.000000000000000000e+00 0.000000000000000000e+00 1.000000000000000000e+00 0.000000000000000000e+00
9.056127591302460811e-01 4.241055652788617292e-01 0.000000000000000000e+00 -3.383539999999999992e+00 -4.241055652788617292e-01 9.056127591302460811e-01 0.000000000000000000e+00 -5.811969999999999636e+00 0.000000000000000000e+00 0.000000000000000000e+00 1.000000000000000000e+00 0.000000000000000000e+00
9.177296214066219537e-01 3.972056671207729872e-01 0.000000000000000000e+00 -3.143170000000000019e+00 -3.972056671207729872e-01 9.177296214066219537e-01 0.000000000000000000e+00 -5.469400000000000261e+00 0.000000000000000000e+00 0.000000000000000000e+00 1.000000000000000000e+00 0.000000000000000000e+00
9.316981766562151268e-01 3.632334065246259347e-01 0.000000000000000000e+00 -2.902340000000000142e+00 -3.632334065246259347e-01 9.316981766562151268e-01 0.000000000000000000e+00 -4.987210000000000143e+00 0.000000000000000000e+00 0.000000000000000000e+00 1.000000000000000000e+00 0.000000000000000000e+00
-9.304810084423941197e-01 -3.663401328383572575e-01 0.000000000000000000e+00 -3.009489999999999998e+00 3.663401328383572575e-01 -9.304810084423941197e-01 0.000000000000000000e+00 -5.149939999999999962e+00 0.000000000000000000e+00 0.000000000000000000e+00 1.000000000000000000e+00 0.000000000000000000e+00
9.803467136937684678e-01 1.972823381598775849e-01 0.000000000000000000e+00 -2.891640000000000210e+00 -1.972823381598775849e-01 9.803467136937684678e-01 0.000000000000000000e+00 -4.448199999999999932e+00 0.000000000000000000e+00 0.000000000000000000e+00 1.000000000000000000e+00 0.000000000000000000e+00
9.998555119794737545e-01 1.699868125074486397e-02 0.000000000000000000e+00 -2.893310000000000048e+00 -1.699868125074486397e-02 9.998555119794737545e-01 0.000000000000000000e+00 -4.026519999999999655e+00 0.000000000000000000e+00 0.000000000000000000e+00 1.000000000000000000e+00 0.000000000000000000e+00
9.976170372003065889e-01 -6.899454389792063214e-02 0.000000000000000000e+00 -2.802140000000000075e+00 6.899454389792063214e-02 9.976170372003065889e-01 0.000000000000000000e+00 -3.497809999999999864e+00 0.000000000000000000e+00 0.000000000000000000e+00 1.000000000000000000e+00 0.000000000000000000e+00
9.882364843584749980e-01 -1.529334854856894688e-01 0.000000000000000000e+00 -2.774459999999999926e+00 1.529334854856894688e-01 9.882364843584749980e-01 0.000000000000000000e+00 -2.975960000000000161e+00 0.000000000000000000e+00 0.000000000000000000e+00 1.000000000000000000e+00 0.000000000000000000e+00
9.843594454583391995e-01 -1.761717404606964743e-01 0.000000000000000000e+00 -2.951839999999999797e+00 1.761717404606964743e-01 9.843594454583391995e-01 0.000000000000000000e+00 -2.532509999999999817e+00 0.000000000000000000e+00 0.000000000000000000e+00 1.000000000000000000e+00 0.000000000000000000e+00
9.876998566064425500e-01 -1.563617384772019170e-01 0.000000000000000000e+00 -3.082949999999999857e+00 1.563617384772019170e-01 9.876998566064425500e-01 0.000000000000000000e+00 -2.179790000000000116e+00 0.000000000000000000e+00 0.000000000000000000e+00 1.000000000000000000e+00 0.000000000000000000e+00
9.759192674133899681e-01 -2.181320322449508131e-01 0.000000000000000000e+00 -2.983309999999999906e+00 2.181320322449508131e-01 9.759192674133899681e-01 0.000000000000000000e+00 -1.610700000000000021e+00 0.000000000000000000e+00 0.000000000000000000e+00 1.000000000000000000e+00 0.000000000000000000e+00
9.635229546361628872e-01 -2.676257010998732699e-01 0.000000000000000000e+00 -3.156649999999999956e+00 2.676257010998732699e-01 9.635229546361628872e-01 0.000000000000000000e+00 -1.175950000000000051e+00 0.000000000000000000e+00 0.000000000000000000e+00 1.000000000000000000e+00 0.000000000000000000e+00
9.788516093331310897e-01 -2.045715691535341663e-01 0.000000000000000000e+00 -3.303469999999999906e+00 2.045715691535341663e-01 9.788516093331310897e-01 0.000000000000000000e+00 -6.250170000000000448e-01 0.000000000000000000e+00 0.000000000000000000e+00 1.000000000000000000e+00 0.000000000000000000e+00
9.829651181216789713e-01 -1.837922102702772009e-01 0.000000000000000000e+00 -3.333509999999999973e+00 1.837922102702772009e-01 9.829651181216789713e-01 0.000000000000000000e+00 -1.866589999999999916e-01 0.000000000000000000e+00 0.000000000000000000e+00 1.000000000000000000e+00 0.000000000000000000e+00
9.993207544816570254e-01 -3.685145400403828930e-02 0.000000000000000000e+00 -3.523610000000000131e+00 3.685145400403828930e-02 9.993207544816570254e-01 0.000000000000000000e+00 2.491579999999999906e-01 0.000000000000000000e+00 0.000000000000000000e+00 1.000000000000000000e+00 0.000000000000000000e+00
9.947611885793503639e-01 -1.022261106381252421e-01 0.000000000000000000e+00 -3.521790000000000198e+00 1.022261106381252421e-01 9.947611885793503639e-01 0.000000000000000000e+00 7.088750000000000329e-01 0.000000000000000000e+00 0.000000000000000000e+00 1.000000000000000000e+00 0.000000000000000000e+00
9.999092809216917344e-01 -1.346959266887484338e-02 0.000000000000000000e+00 -3.452620000000000022e+00 1.346959266887484338e-02 9.999092809216917344e-01 0.000000000000000000e+00 9.821980000000000155e-01 0.000000000000000000e+00 0.000000000000000000e+00 1.000000000000000000e+00 0.000000000000000000e+00
9.995759874380256704e-01 2.911778386649586589e-02 0.000000000000000000e+00 -3.587470000000000159e+00 -2.911778386649586589e-02 9.995759874380256704e-01 0.000000000000000000e+00 1.372039999999999926e+00 0.000000000000000000e+00 0.000000000000000000e+00 1.000000000000000000e+00 0.000000000000000000e+00
9.950371357306744269e-01 9.950426381263975661e-02 0.000000000000000000e+00 -3.399490000000000123e+00 -9.950426381263975661e-02 9.950371357306744269e-01 0.000000000000000000e+00 1.877019999999999911e+00 0.000000000000000000e+00 0.000000000000000000e+00 1.000000000000000000e+00 0.000000000000000000e+00
9.870498320212943710e-01 1.604139305257947234e-01 0.000000000000000000e+00 -3.349349999999999827e+00 -1.604139305257947234e-01 9.870498320212943710e-01 0.000000000000000000e+00 2.461110000000000131e+00 0.000000000000000000e+00 0.000000000000000000e+00 1.000000000000000000e+00 0.000000000000000000e+00
9.637666285395409815e-01 2.667468569890306673e-01 0.000000000000000000e+00 -3.391849999999999810e+00 -2.667468569890306673e-01 9.637666285395409815e-01 0.000000000000000000e+00 2.864110000000000156e+00 0.000000000000000000e+00 0.000000000000000000e+00 1.000000000000000000e+00 0.000000000000000000e+00
9.975163267689246549e-01 7.043562897732862094e-02 0.000000000000000000e+00 -3.292839999999999989e+00 -7.043562897732862094e-02 9.975163267689246549e-01 0.000000000000000000e+00 3.404840000000000089e+00 0.000000000000000000e+00 0.000000000000000000e+00 1.000000000000000000e+00 0.000000000000000000e+00
9.827882246766290741e-01 1.847357719472859094e-01 0.000000000000000000e+00 -3.253620000000000179e+00 -1.847357719472859094e-01 9.827882246766290741e-01 0.000000000000000000e+00 3.811630000000000074e+00 0.000000000000000000e+00 0.000000000000000000e+00 1.000000000000000000e+00 0.000000000000000000e+00
-3.266846935891305481e-01 9.451333826368508717e-01 0.000000000000000000e+00 -3.365559999999999885e+00 -9.451333826368508717e-01 -3.266846935891305481e-01 0.000000000000000000e+00 3.750480000000000036e+00 0.000000000000000000e+00 0.000000000000000000e+00 1.000000000000000000e+00 0.000000000000000000e+00
9.888228734385021701e-01 1.490950199195929249e-01 0.000000000000000000e+00 -3.379960000000000075e+00 -1.490950199195929249e-01 9.888228734385021701e-01 0.000000000000000000e+00 4.178749999999999964e+00 0.000000000000000000e+00 0.000000000000000000e+00 1.000000000000000000e+00 0.000000000000000000e+00
9.991790231752039064e-01 4.051270969270464456e-02 0.000000000000000000e+00 -3.304769999999999985e+00 -4.051270969270464456e-02 9.991790231752039064e-01 0.000000000000000000e+00 4.567190000000000083e+00 0.000000000000000000e+00 0.000000000000000000e+00 1.000000000000000000e+00 0.000000000000000000e+00
9.985242930502508107e-01 -5.430687054597012342e-02 0.000000000000000000e+00 -3.283980000000000121e+00 5.430687054597012342e-02 9.985242930502508107e-01 0.000000000000000000e+00 5.097199999999999953e+00 0.000000000000000000e+00 0.000000000000000000e+00 1.000000000000000000e+00 0.000000000000000000e+00
9.730454625520095213e-01 -2.306133730011029614e-01 0.000000000000000000e+00 -3.424840000000000106e+00 2.306133730011029614e-01 9.730454625520095213e-01 0.000000000000000000e+00 5.586050000000000182e+00 0.000000000000000000e+00 0.000000000000000000e+00 1.000000000000000000e+00 0.000000000000000000e+00
9.404695928657386128e-01 -3.398778381933013626e-01 0.000000000000000000e+00 -3.731300000000000061e+00 3.398778381933013626e-01 9.404695928657386128e-01 0.000000000000000000e+00 5.987989999999999924e+00 0.000000000000000000e+00 0.000000000000000000e+00 1.000000000000000000e+00 0.000000000000000000e+00
9.334198352517953934e-01 -3.587860241961929320e-01 0.000000000000000000e+00 -3.956539999999999946e+00 3.587860241961929320e-01 9.334198352517953934e-01 0.000000000000000000e+00 6.596029999999999838e+00 0.000000000000000000e+00 0.000000000000000000e+00 1.000000000000000000e+00 0.000000000000000000e+00
8.892135887643800585e-01 -4.574922879751877058e-01 0.000000000000000000e+00 -4.207290000000000418e+00 4.574922879751877058e-01 8.892135887643800585e-01 0.000000000000000000e+00 7.074360000000000426e+00 0.000000000000000000e+00 0.000000000000000000e+00 1.000000000000000000e+00 0.000000000000000000e+00
7.742045264466373977e-01 -6.329355032146150029e-01 0.000000000000000000e+00 -4.506330000000000169e+00 6.329355032146150029e-01 7.742045264466373977e-01 0.000000000000000000e+00 7.225660000000000416e+00 0.000000000000000000e+00 0.000000000000000000e+00 1.000000000000000000e+00 0.000000000000000000e+00
6.034800677759234455e-01 -7.973780833438844917e-01 0.000000000000000000e+00 -4.920110000000000205e+00 7.973780833438844917e-01 6.034800677759234455e-01 0.000000000000000000e+00 7.441309999999999647e+00 0.000000000000000000e+00 0.000000000000000000e+00 1.000000000000000000e+00 0.000000000000000000e+00
-3.695676373585143337e-01 9.292038320074049729e-01 0.000000000000000000e+00 -5.265649999999999942e+00 -9.292038320074049729e-01 -3.695676373585143337e-01 0.000000000000000000e+00 7.715819999999999901e+00 0.000000000000000000e+00 0.000000000000000000e+00 1.000000000000000000e+00 0.000000000000000000e+00
-2.242308072510850181e-01 9.745360665873412653e-01 0.000000000000000000e+00 -5.933790000000000120e+00 -9.745360665873412653e-01 -2.242308072510850181e-01 0.000000000000000000e+00 7.765780000000000349e+00 0.000000000000000000e+00 0.000000000000000000e+00 1.000000000000000000e+00 0.000000000000000000e+00
2.995184662026859762e-02 9.995513427953742758e-01 0.000000000000000000e+00 -6.361780000000000435e+00 -9.995513427953742758e-01 2.995184662026859762e-02 0.000000000000000000e+00 7.682699999999999640e+00 0.000000000000000000e+00 0.000000000000000000e+00 1.000000000000000000e+00 0.000000000000000000e+00
2.181284474918457061e-01 9.759200686505002942e-01 0.000000000000000000e+00 -6.849899999999999878e+00 -9.759200686505002942e-01 2.181284474918457061e-01 0.000000000000000000e+00 7.762419999999999654e+00 0.000000000000000000e+00 0.000000000000000000e+00 1.000000000000000000e+00 0.000000000000000000e+00
3.923511618496304809e-01 9.198155063898656447e-01 0.000000000000000000e+00 -7.167740000000000222e+00 -9.198155063898656447e-01 3.923511618496304809e-01 0.000000000000000000e+00 7.593189999999999884e+00 0.000000000000000000e+00 0.000000000000000000e+00 1.000000000000000000e+00 0.000000000000000000e+00
6.255141351253497017e-01 7.802128342692048468e-01 0.000000000000000000e+00 -7.598910000000000053e+00 -7.802128342692048468e-01 6.255141351253497017e-01 0.000000000000000000e+00 7.300460000000000171e+00 0.000000000000000000e+00 0.000000000000000000e+00 1.000000000000000000e+00 0.000000000000000000e+00
7.375022216095978855e-01 6.753447068874587345e-01 0.000000000000000000e+00 -7.905890000000000306e+00 -6.753447068874587345e-01 7.375022216095978855e-01 0.000000000000000000e+00 7.086579999999999657e+00 0.000000000000000000e+00 0.000000000000000000e+00 1.000000000000000000e+00 0.000000000000000000e+00
9.489222700333339588e-01 3.155099450647861348e-01 0.000000000000000000e+00 -8.108719999999999928e+00 -3.155099450647861348e-01 9.489222700333339588e-01 0.000000000000000000e+00 6.705470000000000041e+00 0.000000000000000000e+00 0.000000000000000000e+00 1.000000000000000000e+00 0.000000000000000000e+00
9.870138745380510059e-01 1.606350256618538364e-01 0.000000000000000000e+00 -8.262700000000000600e+00 -1.606350256618538364e-01 9.870138745380510059e-01 0.000000000000000000e+00 6.318769999999999776e+00 0.000000000000000000e+00 0.000000000000000000e+00 1.000000000000000000e+00 0.000000000000000000e+00
9.925529805713948495e-01 1.218137133447636106e-01 0.000000000000000000e+00 -8.204029999999999490e+00 -1.218137133447636106e-01 9.925529805713948495e-01 0.000000000000000000e+00 5.930729999999999613e+00 0.000000000000000000e+00 0.000000000000000000e+00 1.000000000000000000e+00 0.000000000000000000e+00
9.999320509506461896e-01 -1.165733595785797654e-02 0.000000000000000000e+00 -8.187290000000000845e+00 1.165733595785797654e-02 9.999320509506461896e-01 0.000000000000000000e+00 5.925889999999999880e+00 0.000000000000000000e+00 0.000000000000000000e+00 1.000000000000000000e+00 0.000000000000000000e+00
9.953193877208534879e-01 9.664013879845811950e-02 0.000000000000000000e+00 -8.185589999999999478e+00 -9.664013879845811950e-02 9.953193877208534879e-01 0.000000000000000000e+00 5.404969999999999608e+00 0.000000000000000000e+00 0.000000000000000000e+00 1.000000000000000000e+00 0.000000000000000000e+00
9.994191183221218244e-01 3.407969970866310538e-02 0.000000000000000000e+00 -8.268240000000000478e+00 -3.407969970866310538e-02 9.994191183221218244e-01 0.000000000000000000e+00 4.881490000000000329e+00 0.000000000000000000e+00 0.000000000000000000e+00 1.000000000000000000e+00 0.000000000000000000e+00
9.964854334478456810e-01 -8.376622783830624253e-02 0.000000000000000000e+00 -8.219879999999999853e+00 8.376622783830624253e-02 9.964854334478456810e-01 0.000000000000000000e+00 4.367180000000000284e+00 0.000000000000000000e+00 0.000000000000000000e+00 1.000000000000000000e+00 0.000000000000000000e+00
9.914801576931938643e-01 -1.302578093654249980e-01 0.000000000000000000e+00 -8.163569999999999993e+00 1.302578093654249980e-01 9.914801576931938643e-01 0.000000000000000000e+00 3.951449999999999907e+00 0.000000000000000000e+00 0.000000000000000000e+00 1.000000000000000000e+00 0.000000000000000000e+00
9.857610242906046372e-01 -1.681523207973592005e-01 0.000000000000000000e+00 -8.088129999999999598e+00 1.681523207973592005e-01 9.857610242906046372e-01 0.000000000000000000e+00 3.366200000000000081e+00 0.000000000000000000e+00 0.000000000000000000e+00 1.000000000000000000e+00 0.000000000000000000e+00
9.994912891756890794e-01 -3.189299079608323012e-02 0.000000000000000000e+00 -7.979610000000000092e+00 3.189299079608323012e-02 9.994912891756890794e-01 0.000000000000000000e+00 2.750230000000000175e+00 0.000000000000000000e+00 0.000000000000000000e+00 1.000000000000000000e+00 0.000000000000000000e+00
9.999292374784465309e-01 -1.189621938989698577e-02 0.000000000000000000e+00 -7.872919999999999696e+00 1.189621938989698577e-02 9.999292374784465309e-01 0.000000000000000000e+00 2.042980000000000018e+00 0.000000000000000000e+00 0.000000000000000000e+00 1.000000000000000000e+00 0.000000000000000000e+00
9.996274245462652974e-01 -2.729490969028198002e-02 0.000000000000000000e+00 -7.838449999999999918e+00 2.729490969028198002e-02 9.996274245462652974e-01 0.000000000000000000e+00 1.594459999999999988e+00 0.000000000000000000e+00 0.000000000000000000e+00 1.000000000000000000e+00 0.000000000000000000e+00
9.912479163742945465e-01 -1.320135155339008659e-01 0.000000000000000000e+00 -7.816189999999999749e+00 1.320135155339008659e-01 9.912479163742945465e-01 0.000000000000000000e+00 1.014969999999999928e+00 0.000000000000000000e+00 0.000000000000000000e+00 1.000000000000000000e+00 0.000000000000000000e+00
9.999821833638071755e-01 -5.969334548593361461e-03 0.000000000000000000e+00 -7.767549999999999955e+00 5.969334548593361461e-03 9.999821833638071755e-01 0.000000000000000000e+00 3.767130000000000201e-01 0.000000000000000000e+00 0.000000000000000000e+00 1.000000000000000000e+00 0.000000000000000000e+00
9.898751187757126591e-01 1.419410061566735715e-01 0.000000000000000000e+00 -7.709800000000000431e+00 -1.419410061566735715e-01 9.898751187757126591e-01 0.000000000000000000e+00 -7.564800000000000690e-02 0.000000000000000000e+00 0.000000000000000000e+00 1.000000000000000000e+00 0.000000000000000000e+00
9.834119143091626380e-01 1.813863467706103572e-01 0.000000000000000000e+00 -7.845299999999999940e+00 -1.813863467706103572e-01 9.834119143091626380e-01 0.000000000000000000e+00 -6.224760000000000293e-01 0.000000000000000000e+00 0.000000000000000000e+00 1.000000000000000000e+00 0.000000000000000000e+00
9.932943475338912309e-01 1.156128849100364203e-01 0.000000000000000000e+00 -7.898130000000000095e+00 -1.156128849100364203e-01 9.932943475338912309e-01 0.000000000000000000e+00 -1.053320000000000034e+00 0.000000000000000000e+00 0.000000000000000000e+00 1.000000000000000000e+00 0.000000000000000000e+00
9.954263794538114052e-01 9.553179097806523135e-02 0.000000000000000000e+00 -8.000310000000000699e+00 -9.553179097806523135e-02 9.954263794538114052e-01 0.000000000000000000e+00 -1.681789999999999896e+00 0.000000000000000000e+00 0.000000000000000000e+00 1.000000000000000000e+00 0.000000000000000000e+00
9.974921794475347658e-01 -7.077677543521677939e-02 0.000000000000000000e+00 -8.278119999999999479e+00 7.077677543521677939e-02 9.974921794475347658e-01 0.000000000000000000e+00 -2.201709999999999834e+00 0.000000000000000000e+00 0.000000000000000000e+00 1.000000000000000000e+00 0.000000000000000000e+00
9.995880196848264676e-01 2.870175783060818081e-02 0.000000000000000000e+00 -8.246980000000000643e+00 -2.870175783060818081e-02 9.995880196848264676e-01 0.000000000000000000e+00 -2.753039999999999932e+00 0.000000000000000000e+00 0.000000000000000000e+00 1.000000000000000000e+00 0.000000000000000000e+00
9.687285812655856976e-01 2.481228240996088963e-01 0.000000000000000000e+00 -8.254559999999999675e+00 -2.481228240996088963e-01 9.687285812655856976e-01 0.000000000000000000e+00 -3.307080000000000020e+00 0.000000000000000000e+00 0.000000000000000000e+00 1.000000000000000000e+00 0.000000000000000000e+00
9.848518149106590958e-01 1.733981045662867371e-01 0.000000000000000000e+00 -8.431789999999999452e+00 -1.733981045662867371e-01 9.848518149106590958e-01 0.000000000000000000e+00 -3.992350000000000065e+00 0.000000000000000000e+00 0.000000000000000000e+00 1.000000000000000000e+00 0.000000000000000000e+00
9.857711116554765951e-01 1.680931748332630538e-01 0.000000000000000000e+00 -8.356740000000000279e+00 -1.680931748332630538e-01 9.857711116554765951e-01 0.000000000000000000e+00 -4.444869999999999877e+00 0.000000000000000000e+00 0.000000000000000000e+00 1.000000000000000000e+00 0.000000000000000000e+00
9.978297626461554160e-01 6.584652441486261998e-02 0.000000000000000000e+00 -8.462999999999999190e+00 -6.584652441486261998e-02 9.978297626461554160e-01 0.000000000000000000e+00 -4.439659999999999940e+00 0.000000000000000000e+00 0.000000000000000000e+00 1.000000000000000000e+00 0.000000000000000000e+00
9.997782190194404173e-01 2.105974297838932030e-02 0.000000000000000000e+00 -8.416009999999999991e+00 -2.105974297838932030e-02 9.997782190194404173e-01 0.000000000000000000e+00 -4.921260000000000190e+00 0.000000000000000000e+00 0.000000000000000000e+00 1.000000000000000000e+00 0.000000000000000000e+00
9.963541940702991262e-01 -8.531307026783636893e-02 0.000000000000000000e+00 -8.206419999999999604e+00 8.531307026783636893e-02 9.963541940702991262e-01 0.000000000000000000e+00 -5.277870000000000061e+00 0.000000000000000000e+00 0.000000000000000000e+00 1.000000000000000000e+00 0.000000000000000000e+00
9.664459987310232147e-01 -2.568698727698424111e-01 0.000000000000000000e+00 -8.007429999999999382e+00 2.568698727698424111e-01 9.664459987310232147e-01 0.000000000000000000e+00 -5.678619999999999557e+00 0.000000000000000000e+00 0.000000000000000000e+00 1.000000000000000000e+00 0.000000000000000000e+00
8.909442728264305167e-01 -4.541126542145493827e-01 0.000000000000000000e+00 -7.870919999999999916e+00 4.541126542145493827e-01 8.909442728264305167e-01 0.000000000000000000e+00 -6.143510000000000026e+00 0.000000000000000000e+00 0.000000000000000000e+00 1.000000000000000000e+00 0.000000000000000000e+00
8.072143096594436296e-01 -5.902584673522506264e-01 0.000000000000000000e+00 -7.571839999999999904e+00 5.902584673522506264e-01 8.072143096594436296e-01 0.000000000000000000e+00 -6.313670000000000115e+00 0.000000000000000000e+00 0.000000000000000000e+00 1.000000000000000000e+00 0.000000000000000000e+00
7.178132036423293671e-01 -6.962357392986486815e-01 0.000000000000000000e+00 -7.293739999999999668e+00 6.962357392986486815e-01 7.178132036423293671e-01 0.000000000000000000e+00 -6.534530000000000172e+00 0.000000000000000000e+00 0.000000000000000000e+00 1.000000000000000000e+00 0.000000000000000000e+00
5.363414391722173269e-01 -8.440011022662675666e-01 0.000000000000000000e+00 -7.099899999999999878e+00 8.440011022662675666e-01 5.363414391722173269e-01 0.000000000000000000e+00 -6.721000000000000085e+00 0.000000000000000000e+00 0.000000000000000000e+00 1.000000000000000000e+00 0.000000000000000000e+00
3.213798952301012424e-01 -9.469503487205066516e-01 0.000000000000000000e+00 -6.685439999999999827e+00 9.469503487205066516e-01 3.213798952301012424e-01 0.000000000000000000e+00 -6.821469999999999700e+00 0.000000000000000000e+00 0.000000000000000000e+00 1.000000000000000000e+00 0.000000000000000000e+00
9.631678110473003429e-02 -9.953507309876371556e-01 0.000000000000000000e+00 -6.286990000000000300e+00 9.953507309876371556e-01 9.631678110473003429e-02 0.000000000000000000e+00 -6.563130000000000130e+00 0.000000000000000000e+00 0.000000000000000000e+00 1.000000000000000000e+00 0.000000000000000000e+00
-2.485111457746331728e-02 9.996911633620944038e-01 0.000000000000000000e+00 -5.743949999999999889e+00 -9.996911633620944038e-01 -2.485111457746331728e-02 0.000000000000000000e+00 -6.173930000000000362e+00 0.000000000000000000e+00 0.000000000000000000e+00 1.000000000000000000e+00 0.000000000000000000e+00
3.793722081452823025e-02 9.992801245280873434e-01 0.000000000000000000e+00 -5.295110000000000205e+00 -9.992801245280873434e-01 3.793722081452823025e-02 0.000000000000000000e+00 -6.080330000000000013e+00 0.000000000000000000e+00 0.000000000000000000e+00 1.000000000000000000e+00 0.000000000000000000e+00
7.279188979664649728e-02 9.973471515875668159e-01 0.000000000000000000e+00 -4.775129999999999875e+00 -9.973471515875668159e-01 7.279188979664649728e-02 0.000000000000000000e+00 -5.994089999999999918e+00 0.000000000000000000e+00 0.000000000000000000e+00 1.000000000000000000e+00 0.000000000000000000e+00
2.162835700720149301e-01 9.763305881292995148e-01 0.000000000000000000e+00 -4.281819999999999737e+00 -9.763305881292995148e-01 2.162835700720149301e-01 0.000000000000000000e+00 -5.887579999999999814e+00 0.000000000000000000e+00 0.000000000000000000e+00 1.000000000000000000e+00 0.000000000000000000e+00
4.530880595711619385e-01 8.914657650600157357e-01 0.000000000000000000e+00 -4.157020000000000159e+00 -8.914657650600157357e-01 4.530880595711619385e-01 0.000000000000000000e+00 -5.739069999999999894e+00 0.000000000000000000e+00 0.000000000000000000e+00 1.000000000000000000e+00 0.000000000000000000e+00
6.328397500192740610e-01 7.742827976879911311e-01 0.000000000000000000e+00 -3.917250000000000121e+00 -7.742827976879911311e-01 6.328397500192740610e-01 0.000000000000000000e+00 -5.523469999999999658e+00 0.000000000000000000e+00 0.000000000000000000e+00 1.000000000000000000e+00 0.000000000000000000e+00
7.900541522699537911e-01 6.130370596309857589e-01 0.000000000000000000e+00 -3.698360000000000092e+00 -6.130370596309857589e-01 7.900541522699537911e-01 0.000000000000000000e+00 -5.028730000000000366e+00 0.000000000000000000e+00 0.000000000000000000e+00 1.000000000000000000e+00 0.000000000000000000e+00
8.471451373192147027e-01 5.313615683472120432e-01 0.000000000000000000e+00 -3.317079999999999806e+00 -5.313615683472120432e-01 8.471451373192147027e-01 0.000000000000000000e+00 -4.582970000000000432e+00 0.000000000000000000e+00 0.000000000000000000e+00 1.000000000000000000e+00 0.000000000000000000e+00
9.123981122348704398e-01 4.093039027302876054e-01 0.000000000000000000e+00 -3.116849999999999898e+00 -4.093039027302876054e-01 9.123981122348704398e-01 0.000000000000000000e+00 -4.426560000000000272e+00 0.000000000000000000e+00 0.000000000000000000e+00 1.000000000000000000e+00 0.000000000000000000e+00
-9.552085418370253045e-01 -2.959335087508406237e-01 0.000000000000000000e+00 -3.086409999999999876e+00 2.959335087508406237e-01 -9.552085418370253045e-01 0.000000000000000000e+00 -3.882740000000000080e+00 0.000000000000000000e+00 0.000000000000000000e+00 1.000000000000000000e+00 0.000000000000000000e+00
