9.937952758795505215e-01 1.112247707998904461e-01 0.000000000000000000e+00 -7.919288695579134618e+00 -1.112247707998904461e-01 9.937952758795505215e-01 0.000000000000000000e+00 5.449413272757372972e+00 0.000000000000000000e+00 0.000000000000000000e+00 1.000000000000000000e+00 0.000000000000000000e+00
9.969437293617973150e-01 7.812298308558966731e-02 0.000000000000000000e+00 -7.911152739822862046e+00 -7.812298308558966731e-02 9.969437293617973150e-01 0.000000000000000000e+00 5.101969354918545640e+00 0.000000000000000000e+00 0.000000000000000000e+00 1.000000000000000000e+00 0.000000000000000000e+00
9.989899208732901936e-01 4.493481938961505634e-02 0.000000000000000000e+00 -7.902572547765709388e+00 -4.493481938961505634e-02 9.989899208732901936e-01 0.000000000000000000e+00 4.757285283854328917e+00 0.000000000000000000e+00 0.000000000000000000e+00 1.000000000000000000e+00 0.000000000000000000e+00
9.992843855563149358e-01 -3.782481702980457217e-02 0.000000000000000000e+00 -7.899733426413273918e+00 3.782481702980457217e-02 9.992843855563149358e-01 0.000000000000000000e+00 4.434500918728868868e+00 0.000000000000000000e+00 0.000000000000000000e+00 1.000000000000000000e+00 0.000000000000000000e+00
9.927345075276430286e-01 -1.203253820432251403e-01 0.000000000000000000e+00 -7.896392972192938231e+00 1.203253820432251403e-01 9.927345075276430286e-01 0.000000000000000000e+00 4.115639058197083422e+00 0.000000000000000000e+00 0.000000000000000000e+00 1.000000000000000000e+00 0.000000000000000000e+00
9.670618365737158051e-01 -2.545415570052792509e-01 0.000000000000000000e+00 -7.967574560004923256e+00 2.545415570052792509e-01 9.670618365737158051e-01 0.000000000000000000e+00 3.624769712708446612e+00 0.000000000000000000e+00 0.000000000000000000e+00 1.000000000000000000e+00 0.000000000000000000e+00
9.803579559393836851e-01 -1.972264643153991692e-01 0.000000000000000000e+00 -7.827077400916945038e+00 1.972264643153991692e-01 9.803579559393836851e-01 0.000000000000000000e+00 3.112947556344844102e+00 0.000000000000000000e+00 0.000000000000000000e+00 1.000000000000000000e+00 0.000000000000000000e+00
9.852028583987756383e-01 -1.713923213066501916e-01 0.000000000000000000e+00 -7.957083792288814905e+00 1.713923213066501916e-01 9.852028583987756383e-01 0.000000000000000000e+00 2.651496236304096143e+00 0.000000000000000000e+00 0.000000000000000000e+00 1.000000000000000000e+00 0.000000000000000000e+00
9.548307373608785342e-01 -2.971502363971482152e-01 0.000000000000000000e+00 -8.063796184854025384e+00 2.971502363971482152e-01 9.548307373608785342e-01 0.000000000000000000e+00 2.250252593784516364e+00 0.000000000000000000e+00 0.000000000000000000e+00 1.000000000000000000e+00 0.000000000000000000e+00
9.018000929216181127e-01 -4.321534361850670747e-01 0.000000000000000000e+00 -8.191543678798316463e+00 4.321534361850670747e-01 9.018000929216181127e-01 0.000000000000000000e+00 1.858046727676123666e+00 0.000000000000000000e+00 0.000000000000000000e+00 1.000000000000000000e+00 0.000000000000000000e+00
8.642444083397781140e-01 -5.030721644589639663e-01 0.000000000000000000e+00 -8.171721794630752100e+00 5.030721644589639663e-01 8.642444083397781140e-01 0.000000000000000000e+00 1.544069767305582763e+00 0.000000000000000000e+00 0.000000000000000000e+00 1.000000000000000000e+00 0.000000000000000000e+00
9.494959182821334220e-01 -3.137793829517296351e-01 0.000000000000000000e+00 -8.247702044852537995e+00 3.137793829517296351e-01 9.494959182821334220e-01 0.000000000000000000e+00 1.271538790653972351e+00 0.000000000000000000e+00 0.000000000000000000e+00 1.000000000000000000e+00 0.000000000000000000e+00
9.575910558461732114e-01 -2.881308205718560722e-01 0.000000000000000000e+00 -8.283271367039819921e+00 2.881308205718560722e-01 9.575910558461732114e-01 0.000000000000000000e+00 9.757064847307754807e-01 0.000000000000000000e+00 0.000000000000000000e+00 1.000000000000000000e+00 0.000000000000000000e+00
9.370082111503772460e-01 -3.493073320684379479e-01 0.000000000000000000e+00 -8.699739810280764374e+00 3.493073320684379479e-01 9.370082111503772460e-01 0.000000000000000000e+00 5.027971872325016633e-01 0.000000000000000000e+00 0.000000000000000000e+00 1.000000000000000000e+00 0.000000000000000000e+00
8.452576063965125952e-01 -5.343590355078112752e-01 0.000000000000000000e+00 -8.783457181497187349e+00 5.343590355078112752e-01 8.452576063965125952e-01 0.000000000000000000e+00 2.329274144380892864e-01 0.000000000000000000e+00 0.000000000000000000e+00 1.000000000000000000e+00 0.000000000000000000e+00
8.394066254920151682e-01 -5.435039255425002658e-01 0.000000000000000000e+00 -8.970434460970118096e+00 5.435039255425002658e-01 8.394066254920151682e-01 0.000000000000000000e+00 -6.453349128340235552e-02 0.000000000000000000e+00 0.000000000000000000e+00 1.000000000000000000e+00 0.000000000000000000e+00
7.713250787533821873e-01 -6.364413742726731105e-01 0.000000000000000000e+00 -9.255353003810936841e+00 6.364413742726731105e-01 7.713250787533821873e-01 0.000000000000000000e+00 -1.296491590813722006e-01 0.000000000000000000e+00 0.000000000000000000e+00 1.000000000000000000e+00 0.000000000000000000e+00
7.435824957161071280e-01 -6.686442043902014465e-01 0.000000000000000000e+00 -9.415163674397573956e+00 6.686442043902014465e-01 7.435824957161071280e-01 0.000000000000000000e+00 -6.387932247233165661e-01 0.000000000000000000e+00 0.000000000000000000e+00 1.000000000000000000e+00 0.000000000000000000e+00
7.828127570413242475e-01 -6.222573321491364773e-01 0.000000000000000000e+00 -9.810248957673080028e+00 6.222573321491364773e-01 7.828127570413242475e-01 0.000000000000000000e+00 -9.545847583642670386e-01 0.000000000000000000e+00 0.000000000000000000e+00 1.000000000000000000e+00 0.000000000000000000e+00
7.674378655863810517e-01 -6.411233285914808011e-01 0.000000000000000000e+00 -9.727319768424582236e+00 6.411233285914808011e-01 7.674378655863810517e-01 0.000000000000000000e+00 -1.300564412332613884e+00 0.000000000000000000e+00 0.000000000000000000e+00 1.000000000000000000e+00 0.000000000000000000e+00
6.607240008945532983e-01 -7.506289327236822517e-01 0.000000000000000000e+00 -9.872675298533987842e+00 7.506289327236822517e-01 6.607240008945532983e-01 0.000000000000000000e+00 -1.229038631440526608e+00 0.000000000000000000e+00 0.000000000000000000e+00 1.000000000000000000e+00 0.000000000000000000e+00
6.445011933741980892e-01 -7.646033035105422870e-01 0.000000000000000000e+00 -9.988960445705206581e+00 7.646033035105422870e-01 6.445011933741980892e-01 0.000000000000000000e+00 -1.486496838142971733e+00 0.000000000000000000e+00 0.000000000000000000e+00 1.000000000000000000e+00 0.000000000000000000e+00
5.849364109655744715e-01 -8.110791546616844538e-01 0.000000000000000000e+00 -1.016338566186224490e+01 8.110791546616844538e-01 5.849364109655744715e-01 0.000000000000000000e+00 -1.919845421592341950e+00 0.000000000000000000e+00 0.000000000000000000e+00 1.000000000000000000e+00 0.000000000000000000e+00
3.506349984512621143e-01 -9.365121984582386316e-01 0.000000000000000000e+00 -1.024233752816925147e+01 9.365121984582386316e-01 3.506349984512621143e-01 0.000000000000000000e+00 -2.351121518172338831e+00 0.000000000000000000e+00 0.000000000000000000e+00 1.000000000000000000e+00 0.000000000000000000e+00
1.342160492246635417e-01 -9.909520937616119740e-01 0.000000000000000000e+00 -1.036965614659107437e+01 9.909520937616119740e-01 1.342160492246635417e-01 0.000000000000000000e+00 -2.786901949770972386e+00 0.000000000000000000e+00 0.000000000000000000e+00 1.000000000000000000e+00 0.000000000000000000e+00
-2.669158292325012408e-02 -9.996437162314637526e-01 0.000000000000000000e+00 -1.034579274926453074e+01 9.996437162314637526e-01 -2.669158292325012408e-02 0.000000000000000000e+00 -3.226147452860439024e+00 0.000000000000000000e+00 0.000000000000000000e+00 1.000000000000000000e+00 0.000000000000000000e+00
-2.271482204366829516e-01 -9.738601983613706103e-01 0.000000000000000000e+00 -1.027307960579959634e+01 9.738601983613706103e-01 -2.271482204366829516e-01 0.000000000000000000e+00 -3.531680672442485402e+00 0.000000000000000000e+00 0.000000000000000000e+00 1.000000000000000000e+00 0.000000000000000000e+00
-3.816642478448397657e-01 -9.243010342507643751e-01 0.000000000000000000e+00 -1.019975122603920781e+01 9.243010342507643751e-01 -3.816642478448397657e-01 0.000000000000000000e+00 -3.733337952894856926e+00 0.000000000000000000e+00 0.000000000000000000e+00 1.000000000000000000e+00 0.000000000000000000e+00
-6.112761908379704678e-01 -7.914173478731819644e-01 0.000000000000000000e+00 -1.003899386692800455e+01 7.914173478731819644e-01 -6.112761908379704678e-01 0.000000000000000000e+00 -4.053860168684366272e+00 0.000000000000000000e+00 0.000000000000000000e+00 1.000000000000000000e+00 0.000000000000000000e+00
-8.107112226162952462e-01 -5.854462516098226654e-01 0.000000000000000000e+00 -9.847164109441447266e+00 5.854462516098226654e-01 -8.107112226162952462e-01 0.000000000000000000e+00 -4.610232904238884544e+00 0.000000000000000000e+00 0.000000000000000000e+00 1.000000000000000000e+00 0.000000000000000000e+00
9.065091023186511165e-01 4.221862709911743394e-01 0.000000000000000000e+00 -9.678355782250717354e+00 -4.221862709911743394e-01 9.065091023186511165e-01 0.000000000000000000e+00 -4.939983925945350407e+00 0.000000000000000000e+00 0.000000000000000000e+00 1.000000000000000000e+00 0.000000000000000000e+00
9.368538352846922379e-01 3.497211622312305646e-01 0.000000000000000000e+00 -9.225608825571528726e+00 -3.497211622312305646e-01 9.368538352846922379e-01 0.000000000000000000e+00 -5.298353861369384354e+00 0.000000000000000000e+00 0.000000000000000000e+00 1.000000000000000000e+00 0.000000000000000000e+00
9.505480420925234153e-01 3.105775582267179535e-01 0.000000000000000000e+00 -8.897663639726605567e+00 -3.105775582267179535e-01 9.505480420925234153e-01 0.000000000000000000e+00 -5.585138033949407443e+00 0.000000000000000000e+00 0.000000000000000000e+00 1.000000000000000000e+00 0.000000000000000000e+00
9.999080124472237152e-01 -1.356343038624883458e-02 0.000000000000000000e+00 -8.763660531746651827e+00 1.356343038624883458e-02 9.999080124472237152e-01 0.000000000000000000e+00 -5.963848897983810460e+00 0.000000000000000000e+00 0.000000000000000000e+00 1.000000000000000000e+00 0.000000000000000000e+00
9.458816686718590772e-01 -3.245117391875667057e-01 0.000000000000000000e+00 -8.319068173087218909e+00 3.245117391875667057e-01 9.458816686718590772e-01 0.000000000000000000e+00 -6.064200267052362037e+00 0.000000000000000000e+00 0.000000000000000000e+00 1.000000000000000000e+00 0.000000000000000000e+00
8.321773412940870474e-01 -5.545095784895915925e-01 0.000000000000000000e+00 -7.746667298737826002e+00 5.545095784895915925e-01 8.321773412940870474e-01 0.000000000000000000e+00 -6.202916871819992295e+00 0.000000000000000000e+00 0.000000000000000000e+00 1.000000000000000000e+00 0.000000000000000000e+00
6.256113547515108619e-01 -7.801348811622123014e-01 0.000000000000000000e+00 -7.324460090947761515e+00 7.801348811622123014e-01 6.256113547515108619e-01 0.000000000000000000e+00 -6.175994434460047700e+00 0.000000000000000000e+00 0.000000000000000000e+00 1.000000000000000000e+00 0.000000000000000000e+00
3.945360082361120679e-01 -9.188804809142016028e-01 0.000000000000000000e+00 -6.829282094432442385e+00 9.188804809142016028e-01 3.945360082361120679e-01 0.000000000000000000e+00 -6.282779487718160638e+00 0.000000000000000000e+00 0.000000000000000000e+00 1.000000000000000000e+00 0.000000000000000000e+00
2.789282281897468296e-01 -9.603119511486507553e-01 0.000000000000000000e+00 -6.388019100657870375e+00 9.603119511486507553e-01 2.789282281897468296e-01 0.000000000000000000e+00 -6.334221514875920889e+00 0.000000000000000000e+00 0.000000000000000000e+00 1.000000000000000000e+00 0.000000000000000000e+00
1.190818351261411917e-01 -9.928844426936049850e-01 0.000000000000000000e+00 -5.787896112077946853e+00 9.928844426936049850e-01 1.190818351261411917e-01 0.000000000000000000e+00 -6.200298747002399580e+00 0.000000000000000000e+00 0.000000000000000000e+00 1.000000000000000000e+00 0.000000000000000000e+00
3.841048703031087457e-03 9.999926231452215264e-01 0.000000000000000000e+00 -5.855702894948414894e+00 -9.999926231452215264e-01 3.841048703031087457e-03 0.000000000000000000e+00 -6.385087614776216114e+00 0.000000000000000000e+00 0.000000000000000000e+00 1.000000000000000000e+00 0.000000000000000000e+00
-3.011277607416848467e-01 -9.535838042409794379e-01 0.000000000000000000e+00 -5.263222246966641649e+00 9.535838042409794379e-01 -3.011277607416848467e-01 0.000000000000000000e+00 -5.974477223320789676e+00 0.000000000000000000e+00 0.000000000000000000e+00 1.000000000000000000e+00 0.000000000000000000e+00
-5.746363315686100481e-01 -8.184088748549653847e-01 0.000000000000000000e+00 -4.940880887192918181e+00 8.184088748549653847e-01 -5.746363315686100481e-01 0.000000000000000000e+00 -5.719679409473641840e+00 0.000000000000000000e+00 0.000000000000000000e+00 1.000000000000000000e+00 0.000000000000000000e+00
-7.326197964369275395e-01 -6.806381078581442701e-01 0.000000000000000000e+00 -4.495922656313612542e+00 6.806381078581442701e-01 -7.326197964369275395e-01 0.000000000000000000e+00 -5.417024706896320652e+00 0.000000000000000000e+00 0.000000000000000000e+00 1.000000000000000000e+00 0.000000000000000000e+00
-8.571248547891389125e-01 -5.151087101794119549e-01 0.000000000000000000e+00 -4.121405315164417438e+00 5.151087101794119549e-01 -8.571248547891389125e-01 0.000000000000000000e+00 -5.077027245451968263e+00 0.000000000000000000e+00 0.000000000000000000e+00 1.000000000000000000e+00 0.000000000000000000e+00
-9.225987488269805636e-01 -3.857609994062255465e-01 0.000000000000000000e+00 -3.975006425179815395e+00 3.857609994062255465e-01 -9.225987488269805636e-01 0.000000000000000000e+00 -4.687026742770075138e+00 0.000000000000000000e+00 0.000000000000000000e+00 1.000000000000000000e+00 0.000000000000000000e+00
-9.565931901466018239e-01 -2.914266092263149144e-01 0.000000000000000000e+00 -3.848807541509674301e+00 2.914266092263149144e-01 -9.565931901466018239e-01 0.000000000000000000e+00 -4.392899016453656991e+00 0.000000000000000000e+00 0.000000000000000000e+00 1.000000000000000000e+00 0.000000000000000000e+00
-9.935985629613685033e-01 -1.129685605870205389e-01 0.000000000000000000e+00 -3.423644020053976611e+00 1.129685605870205389e-01 -9.935985629613685033e-01 0.000000000000000000e+00 -4.028899323652861852e+00 0.000000000000000000e+00 0.000000000000000000e+00 1.000000000000000000e+00 0.000000000000000000e+00
-9.984328115533435133e-01 5.596356684205864435e-02 0.000000000000000000e+00 -3.312043511442776644e+00 -5.596356684205864435e-02 -9.984328115533435133e-01 0.000000000000000000e+00 -3.632876317404047484e+00 0.000000000000000000e+00 0.000000000000000000e+00 1.000000000000000000e+00 0.000000000000000000e+00
-9.942074263153034552e-01 1.074783394898728706e-01 0.000000000000000000e+00 -3.127653061423477432e+00 -1.074783394898728706e-01 -9.942074263153034552e-01 0.000000000000000000e+00 -3.146502849076470376e+00 0.000000000000000000e+00 0.000000000000000000e+00 1.000000000000000000e+00 0.000000000000000000e+00
-9.796402645999106040e-01 2.007609323912824817e-01 0.000000000000000000e+00 -2.909665148997126582e+00 -2.007609323912824817e-01 -9.796402645999106040e-01 0.000000000000000000e+00 -2.812654661610368478e+00 0.000000000000000000e+00 0.000000000000000000e+00 1.000000000000000000e+00 0.000000000000000000e+00
-9.858731332848654771e-01 1.674937762040184241e-01 0.000000000000000000e+00 -2.838631169319710601e+00 -1.674937762040184241e-01 -9.858731332848654771e-01 0.000000000000000000e+00 -2.395345212860561457e+00 0.000000000000000000e+00 0.000000000000000000e+00 1.000000000000000000e+00 0.000000000000000000e+00
-9.403739619356241697e-01 3.401423403716408167e-01 0.000000000000000000e+00 -2.598131404565585001e+00 -3.401423403716408167e-01 -9.403739619356241697e-01 0.000000000000000000e+00 -2.052882793969583286e+00 0.000000000000000000e+00 0.000000000000000000e+00 1.000000000000000000e+00 0.000000000000000000e+00
-9.319419971171940542e-01 3.626073827285041240e-01 0.000000000000000000e+00 -2.403146668169316769e+00 -3.626073827285041240e-01 -9.319419971171940542e-01 0.000000000000000000e+00 -1.902323354896027663e+00 0.000000000000000000e+00 0.000000000000000000e+00 1.000000000000000000e+00 0.000000000000000000e+00
-9.046733411167192651e-01 4.261057918788620502e-01 0.000000000000000000e+00 -2.330003040797588909e+00 -4.261057918788620502e-01 -9.046733411167192651e-01 0.000000000000000000e+00 -1.544174336318938856e+00 0.000000000000000000e+00 0.000000000000000000e+00 1.000000000000000000e+00 0.000000000000000000e+00
-8.865389474038770645e-01 4.626539686807253360e-01 0.000000000000000000e+00 -1.927882029523237062e+00 -4.626539686807253360e-01 -8.865389474038770645e-01 0.000000000000000000e+00 -1.253424271235750842e+00 0.000000000000000000e+00 0.000000000000000000e+00 1.000000000000000000e+00 0.000000000000000000e+00
-8.628491264041818765e-01 5.054615564645250636e-01 0.000000000000000000e+00 -1.608582118291656204e+00 -5.054615564645250636e-01 -8.628491264041818765e-01 0.000000000000000000e+00 -8.223683507584957919e-01 0.000000000000000000e+00 0.000000000000000000e+00 1.000000000000000000e+00 0.000000000000000000e+00
-8.625804684952074197e-01 5.059198902697822353e-01 0.000000000000000000e+00 -1.469516572912091368e+00 -5.059198902697822353e-01 -8.625804684952074197e-01 0.000000000000000000e+00 -4.957255954143684473e-01 0.000000000000000000e+00 0.000000000000000000e+00 1.000000000000000000e+00 0.000000000000000000e+00
-6.684456103320184361e-01 7.437610274999997273e-01 0.000000000000000000e+00 -1.143628864588083882e+00 -7.437610274999997273e-01 -6.684456103320184361e-01 0.000000000000000000e+00 -1.269668544345309291e-01 0.000000000000000000e+00 0.000000000000000000e+00 1.000000000000000000e+00 0.000000000000000000e+00
-6.738316548338821876e-01 7.388849037189972879e-01 0.000000000000000000e+00 -9.462347179851533507e-01 -7.388849037189972879e-01 -6.738316548338821876e-01 0.000000000000000000e+00 1.605217653675695688e-01 0.000000000000000000e+00 0.000000000000000000e+00 1.000000000000000000e+00 0.000000000000000000e+00
-7.119105594820100968e-01 -7.022701441026888425e-01 0.000000000000000000e+00 -1.137006143917228762e+00 7.022701441026888425e-01 -7.119105594820100968e-01 0.000000000000000000e+00 1.376787372677650834e-01 0.000000000000000000e+00 0.000000000000000000e+00 1.000000000000000000e+00 0.000000000000000000e+00
-4.693405363695700161e-01 8.830172483707916520e-01 0.000000000000000000e+00 -9.859515256263667871e-01 -8.830172483707916520e-01 -4.693405363695700161e-01 0.000000000000000000e+00 4.721014811391412991e-01 0.000000000000000000e+00 0.000000000000000000e+00 1.000000000000000000e+00 0.000000000000000000e+00
-2.696420009308187482e-01 9.629606385174963590e-01 0.000000000000000000e+00 -7.892624050241683342e-01 -9.629606385174963590e-01 -2.696420009308187482e-01 0.000000000000000000e+00 7.230012309041402574e-01 0.000000000000000000e+00 0.000000000000000000e+00 1.000000000000000000e+00 0.000000000000000000e+00
-7.267297195315129688e-02 9.973558237397004422e-01 0.000000000000000000e+00 -5.649270825069732105e-01 -9.973558237397004422e-01 -7.267297195315129688e-02 0.000000000000000000e+00 1.120220887700941859e+00 0.000000000000000000e+00 0.000000000000000000e+00 1.000000000000000000e+00 0.000000000000000000e+00
2.081038230726502125e-01 9.781067420392045575e-01 0.000000000000000000e+00 -5.028695102139169038e-01 -9.781067420392045575e-01 2.081038230726502125e-01 0.000000000000000000e+00 1.574334234831380019e+00 0.000000000000000000e+00 0.000000000000000000e+00 1.000000000000000000e+00 0.000000000000000000e+00
4.131398345047037068e-01 9.106675997011346446e-01 0.000000000000000000e+00 -6.315135513947089940e-01 -9.106675997011346446e-01 4.131398345047037068e-01 0.000000000000000000e+00 2.053366233191695756e+00 0.000000000000000000e+00 0.000000000000000000e+00 1.000000000000000000e+00 0.000000000000000000e+00
5.195451808616657896e-01 8.544429793985196531e-01 0.000000000000000000e+00 -5.773908382418673213e-01 -8.544429793985196531e-01 5.195451808616657896e-01 0.000000000000000000e+00 2.651241424599359409e+00 0.000000000000000000e+00 0.000000000000000000e+00 1.000000000000000000e+00 0.000000000000000000e+00
6.838215493551014212e-01 7.296492915350418773e-01 0.000000000000000000e+00 -6.247610754544956624e-01 -7.296492915350418773e-01 6.838215493551014212e-01 0.000000000000000000e+00 3.159271655418133484e+00 0.000000000000000000e+00 0.000000000000000000e+00 1.000000000000000000e+00 0.000000000000000000e+00
8.725106968901540361e-01 4.885950100157162024e-01 0.000000000000000000e+00 -9.160758375225515060e-01 -4.885950100157162024e-01 8.725106968901540361e-01 0.000000000000000000e+00 3.439244770330362133e+00 0.000000000000000000e+00 0.000000000000000000e+00 1.000000000000000000e+00 0.000000000000000000e+00
9.842836077897580971e-01 1.765949586946856664e-01 0.000000000000000000e+00 -1.263498084269125465e+00 -1.765949586946856664e-01 9.842836077897580971e-01 0.000000000000000000e+00 3.844700870352669941e+00 0.000000000000000000e+00 0.000000000000000000e+00 1.000000000000000000e+00 0.000000000000000000e+00
-9.828534540400689634e-01 1.843884158007386420e-01 0.000000000000000000e+00 -1.526497858246591122e+00 -1.843884158007386420e-01 -9.828534540400689634e-01 0.000000000000000000e+00 4.254836801459023654e+00 0.000000000000000000e+00 0.000000000000000000e+00 1.000000000000000000e+00 0.000000000000000000e+00
-9.093170548494391436e-01 4.161039458596158536e-01 0.000000000000000000e+00 -2.185553768321556234e+00 -4.161039458596158536e-01 -9.093170548494391436e-01 0.000000000000000000e+00 4.713437131842930228e+00 0.000000000000000000e+00 0.000000000000000000e+00 1.000000000000000000e+00 0.000000000000000000e+00
-7.142054918578365497e-01 6.999360795101977617e-01 0.000000000000000000e+00 -2.764065514647904287e+00 -6.999360795101977617e-01 -7.142054918578365497e-01 0.000000000000000000e+00 4.922273246811474934e+00 0.000000000000000000e+00 0.000000000000000000e+00 1.000000000000000000e+00 0.000000000000000000e+00
-4.945315925914424149e-01 8.691596538777968117e-01 0.000000000000000000e+00 -3.282694558756660275e+00 -8.691596538777968117e-01 -4.945315925914424149e-01 0.000000000000000000e+00 5.298884350935530563e+00 0.000000000000000000e+00 0.000000000000000000e+00 1.000000000000000000e+00 0.000000000000000000e+00
-2.439974398638859732e-01 9.697758758289821701e-01 0.000000000000000000e+00 -3.869353128168530276e+00 -9.697758758289821701e-01 -2.439974398638859732e-01 0.000000000000000000e+00 5.387881342473336943e+00 0.000000000000000000e+00 0.000000000000000000e+00 1.000000000000000000e+00 0.000000000000000000e+00
1.125332813917090807e-01 9.936479560584897675e-01 0.000000000000000000e+00 -4.639825155253717526e+00 -9.936479560584897675e-01 1.125332813917090807e-01 0.000000000000000000e+00 5.486630352912770903e+00 0.000000000000000000e+00 0.000000000000000000e+00 1.000000000000000000e+00 0.000000000000000000e+00
3.451440924250875342e-01 9.385497085738520040e-01 0.000000000000000000e+00 -5.286497019840154188e+00 -9.385497085738520040e-01 3.451440924250875342e-01 0.000000000000000000e+00 5.557191520539501717e+00 0.000000000000000000e+00 0.000000000000000000e+00 1.000000000000000000e+00 0.000000000000000000e+00
7.571559876505086217e-01 6.532341160449159911e-01 0.000000000000000000e+00 -6.016467191346528409e+00 -6.532341160449159911e-01 7.571559876505086217e-01 0.000000000000000000e+00 5.451766447201064736e+00 0.000000000000000000e+00 0.000000000000000000e+00 1.000000000000000000e+00 0.000000000000000000e+00
8.934530781013388934e-01 4.491565397845642127e-01 0.000000000000000000e+00 -6.747025992562047492e+00 -4.491565397845642127e-01 8.934530781013388934e-01 0.000000000000000000e+00 5.316182859201225241e+00 0.000000000000000000e+00 0.000000000000000000e+00 1.000000000000000000e+00 0.000000000000000000e+00
9.429959779996937019e-01 3.328041247887428278e-01 0.000000000000000000e+00 -7.382653679541186342e+00 -3.328041247887428278e-01 9.429959779996937019e-01 0.000000000000000000e+00 5.018495796183353619e+00 0.000000000000000000e+00 0.000000000000000000e+00 1.000000000000000000e+00 0.000000000000000000e+00
9.930335986694311945e-01 1.178315404025559315e-01 0.000000000000000000e+00 -7.759412566584233062e+00 -1.178315404025559315e-01 9.930335986694311945e-01 0.000000000000000000e+00 4.978178015112639798e+00 0.000000000000000000e+00 0.000000000000000000e+00 1.000000000000000000e+00 0.000000000000000000e+00
9.841135100102459399e-01 1.775404162868654823e-01 0.000000000000000000e+00 -7.790208925910185656e+00 -1.775404162868654823e-01 9.841135100102459399e-01 0.000000000000000000e+00 4.598719389439674288e+00 0.000000000000000000e+00 0.000000000000000000e+00 1.000000000000000000e+00 0.000000000000000000e+00
9.984957774989624557e-01 5.482866327699825737e-02 0.000000000000000000e+00 -7.901326906172531750e+00 -5.482866327699825737e-02 9.984957774989624557e-01 0.000000000000000000e+00 4.303562627950451080e+00 0.000000000000000000e+00 0.000000000000000000e+00 1.000000000000000000e+00 0.000000000000000000e+00
9.919353585536021534e-01 -1.267448004895531943e-01 0.000000000000000000e+00 -7.904197660493401223e+00 1.267448004895531943e-01 9.919353585536021534e-01 0.000000000000000000e+00 3.881124422842135324e+00 0.000000000000000000e+00 0.000000000000000000e+00 1.000000000000000000e+00 0.000000000000000000e+00
9.742847476665340567e-01 -2.253202841831112579e-01 0.000000000000000000e+00 -7.833366091754543348e+00 2.253202841831112579e-01 9.742847476665340567e-01 0.000000000000000000e+00 3.489269912730508238e+00 0.000000000000000000e+00 0.000000000000000000e+00 1.000000000000000000e+00 0.000000000000000000e+00
9.581352418893733791e-01 -2.863160111652715556e-01 0.000000000000000000e+00 -7.815373890509020427e+00 2.863160111652715556e-01 9.581352418893733791e-01 0.000000000000000000e+00 3.048636600208043390e+00 0.000000000000000000e+00 0.000000000000000000e+00 1.000000000000000000e+00 0.000000000000000000e+00
9.802300999391985181e-01 -1.978609389778306638e-01 0.000000000000000000e+00 -7.841509372630721231e+00 1.978609389778306638e-01 9.802300999391985181e-01 0.000000000000000000e+00 2.580574884733891849e+00 0.000000000000000000e+00 0.000000000000000000e+00 1.000000000000000000e+00 0.000000000000000000e+00
9.691395404630953614e-01 -2.465127808268374465e-01 0.000000000000000000e+00 -7.984715887290425584e+00 2.465127808268374465e-01 9.691395404630953614e-01 0.000000000000000000e+00 2.052915707290316583e+00 0.000000000000000000e+00 0.000000000000000000e+00 1.000000000000000000e+00 0.000000000000000000e+00
9.483689712546358175e-01 -3.171691888589176500e-01 0.000000000000000000e+00 -7.962225268505081388e+00 3.171691888589176500e-01 9.483689712546358175e-01 0.000000000000000000e+00 1.724456567629449211e+00 0.000000000000000000e+00 0.000000000000000000e+00 1.000000000000000000e+00 0.000000000000000000e+00
9.185543211612190451e-01 -3.952947749162035729e-01 0.000000000000000000e+00 -8.053195665254245128e+00 3.952947749162035729e-01 9.185543211612190451e-01 0.000000000000000000e+00 1.398034027281756853e+00 0.000000000000000000e+00 0.000000000000000000e+00 1.000000000000000000e+00 0.000000000000000000e+00
9.603492398715933742e-01 -2.787998161370499606e-01 0.000000000000000000e+00 -8.209689509276962838e+00 2.787998161370499606e-01 9.603492398715933742e-01 0.000000000000000000e+00 1.040675731507460178e+00 0.000000000000000000e+00 0.000000000000000000e+00 1.000000000000000000e+00 0.000000000000000000e+00
9.732966232626251157e-01 -2.295510469276313692e-01 0.000000000000000000e+00 -8.289880918655828879e+00 2.295510469276313692e-01 9.732966232626251157e-01 0.000000000000000000e+00 6.272640604192059044e-01 0.000000000000000000e+00 0.000000000000000000e+00 1.000000000000000000e+00 0.000000000000000000e+00
9.570002550344911540e-01 -2.900870763476355307e-01 0.000000000000000000e+00 -8.525066936312482468e+00 2.900870763476355307e-01 9.570002550344911540e-01 0.000000000000000000e+00 3.464357847971797355e-01 0.000000000000000000e+00 0.000000000000000000e+00 1.000000000000000000e+00 0.000000000000000000e+00
9.202789663605324133e-01 -3.912628580307488946e-01 0.000000000000000000e+00 -8.530735030915430173e+00 3.912628580307488946e-01 9.202789663605324133e-01 0.000000000000000000e+00 7.307127405331481640e-02 0.000000000000000000e+00 0.000000000000000000e+00 1.000000000000000000e+00 0.000000000000000000e+00
8.929049299998563782e-01 -4.502452509265940650e-01 0.000000000000000000e+00 -8.745214411838292179e+00 4.502452509265940650e-01 8.929049299998563782e-01 0.000000000000000000e+00 -2.283521825499197355e-01 0.000000000000000000e+00 0.000000000000000000e+00 1.000000000000000000e+00 0.000000000000000000e+00
7.786566991150866146e-01 -6.274501931812576094e-01 0.000000000000000000e+00 -9.006053085523955559e+00 6.274501931812576094e-01 7.786566991150866146e-01 0.000000000000000000e+00 -2.919303938850741353e-01 0.000000000000000000e+00 0.000000000000000000e+00 1.000000000000000000e+00 0.000000000000000000e+00
7.931563777096937162e-01 -6.090180296989882169e-01 0.000000000000000000e+00 -9.189233835833755748e+00 6.090180296989882169e-01 7.931563777096937162e-01 0.000000000000000000e+00 -6.867130899398490307e-01 0.000000000000000000e+00 0.000000000000000000e+00 1.000000000000000000e+00 0.000000000000000000e+00
8.843060066251373641e-01 -4.669077924458987505e-01 0.000000000000000000e+00 -9.372476562691893776e+00 4.669077924458987505e-01 8.843060066251373641e-01 0.000000000000000000e+00 -1.004098661959119232e+00 0.000000000000000000e+00 0.000000000000000000e+00 1.000000000000000000e+00 0.000000000000000000e+00
8.128048756313153156e-01 -5.825360367822423058e-01 0.000000000000000000e+00 -9.741125801946976637e+00 5.825360367822423058e-01 8.128048756313153156e-01 0.000000000000000000e+00 -1.251031035161659588e+00 0.000000000000000000e+00 0.000000000000000000e+00 1.000000000000000000e+00 0.000000000000000000e+00
7.709566157860353597e-01 -6.368876640159891744e-01 0.000000000000000000e+00 -9.992996999465059815e+00 6.368876640159891744e-01 7.709566157860353597e-01 0.000000000000000000e+00 -1.537916541387081226e+00 0.000000000000000000e+00 0.000000000000000000e+00 1.000000000000000000e+00 0.000000000000000000e+00
6.588224715041972601e-01 -7.522984454597133608e-01 0.000000000000000000e+00 -9.917886081600601145e+00 7.522984454597133608e-01 6.588224715041972601e-01 0.000000000000000000e+00 -1.471452756374009629e+00 0.000000000000000000e+00 0.000000000000000000e+00 1.000000000000000000e+00 0.000000000000000000e+00
5.748287803428789866e-01 -8.182737153847227107e-01 0.000000000000000000e+00 -1.011860684024842172e+01 8.182737153847227107e-01 5.748287803428789866e-01 0.000000000000000000e+00 -1.857099722900910965e+00 0.000000000000000000e+00 0.000000000000000000e+00 1.000000000000000000e+00 0.000000000000000000e+00
4.493670217965528013e-01 -8.933472335669352393e-01 0.000000000000000000e+00 -1.013470665187321273e+01 8.933472335669352393e-01 4.493670217965528013e-01 0.000000000000000000e+00 -2.332430658872414408e+00 0.000000000000000000e+00 0.000000000000000000e+00 1.000000000000000000e+00 0.000000000000000000e+00
2.669366562900863382e-01 -9.637140766475648102e-01 0.000000000000000000e+00 -1.019112019107985567e+01 9.637140766475648102e-01 2.669366562900863382e-01 0.000000000000000000e+00 -2.721913158723625603e+00 0.000000000000000000e+00 0.000000000000000000e+00 1.000000000000000000e+00 0.000000000000000000e+00
4.711866986959013098e-02 -9.988892986461115342e-01 0.000000000000000000e+00 -1.032329838524954013e+01 9.988892986461115342e-01 4.711866986959013098e-02 0.000000000000000000e+00 -3.098351611365663061e+00 0.000000000000000000e+00 0.000000000000000000e+00 1.000000000000000000e+00 0.000000000000000000e+00
-1.438867044040266219e-01 -9.895941674725797776e-01 0.000000000000000000e+00 -1.017948114418554262e+01 9.895941674725797776e-01 -1.438867044040266219e-01 0.000000000000000000e+00 -3.413116702393785395e+00 0.000000000000000000e+00 0.000000000000000000e+00 1.000000000000000000e+00 0.000000000000000000e+00
-2.971021286520157401e-01 -9.548457075100882374e-01 0.000000000000000000e+00 -1.008241572308945067e+01 9.548457075100882374e-01 -2.971021286520157401e-01 0.000000000000000000e+00 -3.745127758246959093e+00 0.000000000000000000e+00 0.000000000000000000e+00 1.000000000000000000e+00 0.000000000000000000e+00
-5.344256394884852046e-01 -8.452154966973355332e-01 0.000000000000000000e+00 -1.004605449979872844e+01 8.452154966973355332e-01 -5.344256394884852046e-01 0.000000000000000000e+00 -4.032895944481011519e+00 0.000000000000000000e+00 0.000000000000000000e+00 1.000000000000000000e+00 0.000000000000000000e+00
-7.607039150548174922e-01 -6.490990322133234347e-01 0.000000000000000000e+00 -9.830425150372093412e+00 6.490990322133234347e-01 -7.607039150548174922e-01 0.000000000000000000e+00 -4.503778288466673274e+00 0.000000000000000000e+00 0.000000000000000000e+00 1.000000000000000000e+00 0.000000000000000000e+00
-8.544136702502782565e-01 -5.195933795666075605e-01 0.000000000000000000e+00 -9.656715128072773879e+00 5.195933795666075605e-01 -8.544136702502782565e-01 0.000000000000000000e+00 -4.778148387524099761e+00 0.000000000000000000e+00 0.000000000000000000e+00 1.000000000000000000e+00 0.000000000000000000e+00
9.299383260311917532e-01 3.677155283344789027e-01 0.000000000000000000e+00 -9.331674806606862660e+00 -3.677155283344789027e-01 9.299383260311917532e-01 0.000000000000000000e+00 -5.161908177619915605e+00 0.000000000000000000e+00 0.000000000000000000e+00 1.000000000000000000e+00 0.000000000000000000e+00
9.805333308292786265e-01 1.963527110402104869e-01 0.000000000000000000e+00 -9.067382490063650380e+00 -1.963527110402104869e-01 9.805333308292786265e-01 0.000000000000000000e+00 -5.459598664535972645e+00 0.000000000000000000e+00 0.000000000000000000e+00 1.000000000000000000e+00 0.000000000000000000e+00
9.993573327276382701e-01 3.584580203455386277e-02 0.000000000000000000e+00 -8.753068703426496455e+00 -3.584580203455386277e-02 9.993573327276382701e-01 0.000000000000000000e+00 -5.831615414134416753e+00 0.000000000000000000e+00 0.000000000000000000e+00 1.000000000000000000e+00 0.000000000000000000e+00
9.833266547627637078e-01 -1.818479860572352058e-01 0.000000000000000000e+00 -8.273392899888976970e+00 1.818479860572352058e-01 9.833266547627637078e-01 0.000000000000000000e+00 -6.166997077081461498e+00 0.000000000000000000e+00 0.000000000000000000e+00 1.000000000000000000e+00 0.000000000000000000e+00
8.719245340615782158e-01 -4.896402831686744728e-01 0.000000000000000000e+00 -7.909856107172073436e+00 4.896402831686744728e-01 8.719245340615782158e-01 0.000000000000000000e+00 -6.168433142104820632e+00 0.000000000000000000e+00 0.000000000000000000e+00 1.000000000000000000e+00 0.000000000000000000e+00
6.977647658857515367e-01 -7.163269724702556740e-01 0.000000000000000000e+00 -7.529121621178946455e+00 7.163269724702556740e-01 6.977647658857515367e-01 0.000000000000000000e+00 -6.223442773230644320e+00 0.000000000000000000e+00 0.000000000000000000e+00 1.000000000000000000e+00 0.000000000000000000e+00
4.812838981824982265e-01 -8.765647776121617829e-01 0.000000000000000000e+00 -6.898681854038548167e+00 8.765647776121617829e-01 4.812838981824982265e-01 0.000000000000000000e+00 -6.124250904894475767e+00 0.000000000000000000e+00 0.000000000000000000e+00 1.000000000000000000e+00 0.000000000000000000e+00
3.729707013105016955e-01 -9.278431203409078787e-01 0.000000000000000000e+00 -6.252776677176309583e+00 9.278431203409078787e-01 3.729707013105016955e-01 0.000000000000000000e+00 -6.103305064345871500e+00 0.000000000000000000e+00 0.000000000000000000e+00 1.000000000000000000e+00 0.000000000000000000e+00
2.369605192589742670e-01 -9.715192804636031410e-01 0.000000000000000000e+00 -5.931763298498161419e+00 9.715192804636031410e-01 2.369605192589742670e-01 0.000000000000000000e+00 -6.082006252263118640e+00 0.000000000000000000e+00 0.000000000000000000e+00 1.000000000000000000e+00 0.000000000000000000e+00
-1.177078292960680450e-01 9.930482701875109619e-01 0.000000000000000000e+00 -5.451841408926291876e+00 -9.930482701875109619e-01 -1.177078292960680450e-01 0.000000000000000000e+00 -5.795783164348115690e+00 0.000000000000000000e+00 0.000000000000000000e+00 1.000000000000000000e+00 0.000000000000000000e+00
