9.990194722678503725e-01 4.427294918644838345e-02 0.000000000000000000e+00 -7.966920412317625377e+00 -4.427294918644838345e-02 9.990194722678503725e-01 0.000000000000000000e+00 5.449828765369468364e+00 0.000000000000000000e+00 0.000000000000000000e+00 1.000000000000000000e+00 0.000000000000000000e+00
9.999391181937093975e-01 1.103448711933517276e-02 0.000000000000000000e+00 -7.992835038192789732e+00 -1.103448711933517276e-02 9.999391181937093975e-01 0.000000000000000000e+00 5.102491369038491875e+00 0.000000000000000000e+00 0.000000000000000000e+00 1.000000000000000000e+00 0.000000000000000000e+00
9.997531903237805162e-01 -2.221617513035628599e-02 0.000000000000000000e+00 -8.018725780861917229e+00 2.221617513035628599e-02 9.997531903237805162e-01 0.000000000000000000e+00 4.756995610604269231e+00 0.000000000000000000e+00 0.000000000000000000e+00 1.000000000000000000e+00 0.000000000000000000e+00
9.944923740882930518e-01 -1.048089589693102230e-01 0.000000000000000000e+00 -8.037751440358221089e+00 1.048089589693102230e-01 9.944923740882930518e-01 0.000000000000000000e+00 4.434007180654687019e+00 0.000000000000000000e+00 0.000000000000000000e+00 1.000000000000000000e+00 0.000000000000000000e+00
9.824200367975184367e-01 -1.866838806613003166e-01 0.000000000000000000e+00 -8.056902937988978053e+00 1.866838806613003166e-01 9.824200367975184367e-01 0.000000000000000000e+00 4.113632107973995033e+00 0.000000000000000000e+00 0.000000000000000000e+00 1.000000000000000000e+00 0.000000000000000000e+00
9.477970063437978210e-01 -3.188743244065518900e-01 0.000000000000000000e+00 -8.143770970321419611e+00 3.188743244065518900e-01 9.477970063437978210e-01 0.000000000000000000e+00 3.622457103115199306e+00 0.000000000000000000e+00 0.000000000000000000e+00 1.000000000000000000e+00 0.000000000000000000e+00
9.649099877076692255e-01 -2.625808744405913608e-01 0.000000000000000000e+00 -8.019534926653637541e+00 2.625808744405913608e-01 9.649099877076692255e-01 0.000000000000000000e+00 3.108569620437271475e+00 0.000000000000000000e+00 0.000000000000000000e+00 1.000000000000000000e+00 0.000000000000000000e+00
9.714778874682322707e-01 -2.371301629069160199e-01 0.000000000000000000e+00 -8.160551116770212943e+00 2.371301629069160199e-01 9.714778874682322707e-01 0.000000000000000000e+00 2.646732793942594419e+00 0.000000000000000000e+00 0.000000000000000000e+00 1.000000000000000000e+00 0.000000000000000000e+00
9.327337007644074252e-01 -3.605660043020318395e-01 0.000000000000000000e+00 -8.278561906180794239e+00 3.605660043020318395e-01 9.327337007644074252e-01 0.000000000000000000e+00 2.242961889432811162e+00 0.000000000000000000e+00 0.000000000000000000e+00 1.000000000000000000e+00 0.000000000000000000e+00
8.707615637378859352e-01 -4.917055003930214663e-01 0.000000000000000000e+00 -8.413767966252519770e+00 4.917055003930214663e-01 8.707615637378859352e-01 0.000000000000000000e+00 1.850359703438660741e+00 0.000000000000000000e+00 0.000000000000000000e+00 1.000000000000000000e+00 0.000000000000000000e+00
8.285306789975307451e-01 -5.599436703454112596e-01 0.000000000000000000e+00 -8.401210998575065148e+00 5.599436703454112596e-01 8.285306789975307451e-01 0.000000000000000000e+00 1.533472605810495493e+00 0.000000000000000000e+00 0.000000000000000000e+00 1.000000000000000000e+00 0.000000000000000000e+00
9.262948051257249293e-01 -3.767995939449714782e-01 0.000000000000000000e+00 -8.481889851957749471e+00 3.767995939449714782e-01 9.262948051257249293e-01 0.000000000000000000e+00 1.260701628327838053e+00 0.000000000000000000e+00 0.000000000000000000e+00 1.000000000000000000e+00 0.000000000000000000e+00
9.360931552718047000e-01 -3.517521921087016779e-01 0.000000000000000000e+00 -8.521534906056309921e+00 3.517521921087016779e-01 9.360931552718047000e-01 0.000000000000000000e+00 9.615197607988508199e-01 0.000000000000000000e+00 0.000000000000000000e+00 1.000000000000000000e+00 0.000000000000000000e+00
9.114507109174585509e-01 -4.114092871679725372e-01 0.000000000000000000e+00 -8.940677151733368078e+00 4.114092871679725372e-01 9.114507109174585509e-01 0.000000000000000000e+00 4.885797007347854048e-01 0.000000000000000000e+00 0.000000000000000000e+00 1.000000000000000000e+00 0.000000000000000000e+00
8.074867953170324908e-01 -5.898856460269472635e-01 0.000000000000000000e+00 -9.026083840769315358e+00 5.898856460269472635e-01 8.074867953170324908e-01 0.000000000000000000e+00 2.148999210265714055e-01 0.000000000000000000e+00 0.000000000000000000e+00 1.000000000000000000e+00 0.000000000000000000e+00
8.010352260740140062e-01 -5.986172120717490053e-01 0.000000000000000000e+00 -9.214463244888355220e+00 5.986172120717490053e-01 8.010352260740140062e-01 0.000000000000000000e+00 -8.237971170587954362e-02 0.000000000000000000e+00 0.000000000000000000e+00 1.000000000000000000e+00 0.000000000000000000e+00
7.268694718540085198e-01 -6.867756335854343641e-01 0.000000000000000000e+00 -9.499176892577176901e+00 6.867756335854343641e-01 7.268694718540085198e-01 0.000000000000000000e+00 -1.516878816321756140e-01 0.000000000000000000e+00 0.000000000000000000e+00 1.000000000000000000e+00 0.000000000000000000e+00
6.970280738096494844e-01 -7.170438370986880194e-01 0.000000000000000000e+00 -9.659695930449984758e+00 7.170438370986880194e-01 6.970280738096494844e-01 0.000000000000000000e+00 -6.604969338080981522e-01 0.000000000000000000e+00 0.000000000000000000e+00 1.000000000000000000e+00 0.000000000000000000e+00
7.392832432918586827e-01 -6.733945991674349374e-01 0.000000000000000000e+00 -1.005313400560221204e+01 6.733945991674349374e-01 7.392832432918586827e-01 0.000000000000000000e+00 -9.807636163564099618e-01 0.000000000000000000e+00 0.000000000000000000e+00 1.000000000000000000e+00 0.000000000000000000e+00
7.226767831382094887e-01 -6.911861305849600345e-01 0.000000000000000000e+00 -9.970498236155933114e+00 6.911861305849600345e-01 7.226767831382094887e-01 0.000000000000000000e+00 -1.326370913724225886e+00 0.000000000000000000e+00 0.000000000000000000e+00 1.000000000000000000e+00 0.000000000000000000e+00
6.088538111501998751e-01 -7.932824444344377390e-01 0.000000000000000000e+00 -1.011334364932677587e+01 7.932824444344377390e-01 6.088538111501998751e-01 0.000000000000000000e+00 -1.259400515116763764e+00 0.000000000000000000e+00 0.000000000000000000e+00 1.000000000000000000e+00 0.000000000000000000e+00
5.917296604226691681e-01 -8.061364704416198457e-01 0.000000000000000000e+00 -1.022983735072115152e+01 8.061364704416198457e-01 5.917296604226691681e-01 0.000000000000000000e+00 -1.516448383829849256e+00 0.000000000000000000e+00 0.000000000000000000e+00 1.000000000000000000e+00 0.000000000000000000e+00
5.291798505227051086e-01 -8.485096851543696417e-01 0.000000000000000000e+00 -1.040147934397264962e+01 8.485096851543696417e-01 5.291798505227051086e-01 0.000000000000000000e+00 -1.954292143883453292e+00 0.000000000000000000e+00 0.000000000000000000e+00 1.000000000000000000e+00 0.000000000000000000e+00
2.869880209795961368e-01 -9.579341709189702625e-01 0.000000000000000000e+00 -1.048100187315832876e+01 9.579341709189702625e-01 2.869880209795961368e-01 0.000000000000000000e+00 -2.385060129154838116e+00 0.000000000000000000e+00 0.000000000000000000e+00 1.000000000000000000e+00 0.000000000000000000e+00
6.740321130595443300e-02 -9.977258176000282086e-01 0.000000000000000000e+00 -1.060558522959333771e+01 9.977258176000282086e-01 6.740321130595443300e-02 0.000000000000000000e+00 -2.825234455914782394e+00 0.000000000000000000e+00 0.000000000000000000e+00 1.000000000000000000e+00 0.000000000000000000e+00
-9.372494677198439650e-02 -9.955981289418882607e-01 0.000000000000000000e+00 -1.058296728314769197e+01 9.955981289418882607e-01 -9.372494677198439650e-02 0.000000000000000000e+00 -3.263903103943193607e+00 0.000000000000000000e+00 0.000000000000000000e+00 1.000000000000000000e+00 0.000000000000000000e+00
-2.919990464057020674e-01 -9.564186096569643469e-01 0.000000000000000000e+00 -1.050792606326977996e+01 9.564186096569643469e-01 -2.919990464057020674e-01 0.000000000000000000e+00 -3.573603881463304432e+00 0.000000000000000000e+00 0.000000000000000000e+00 1.000000000000000000e+00 0.000000000000000000e+00
-4.428403672210869946e-01 -8.966004735440935569e-01 0.000000000000000000e+00 -1.043687840256524879e+01 8.966004735440935569e-01 -4.428403672210869946e-01 0.000000000000000000e+00 -3.774506038236285832e+00 0.000000000000000000e+00 0.000000000000000000e+00 1.000000000000000000e+00 0.000000000000000000e+00
-6.630157377602690083e-01 -7.486054578228816814e-01 0.000000000000000000e+00 -1.027455734747580962e+01 7.486054578228816814e-01 -6.630157377602690083e-01 0.000000000000000000e+00 -4.098874070925820234e+00 0.000000000000000000e+00 0.000000000000000000e+00 1.000000000000000000e+00 0.000000000000000000e+00
-8.481768019772764067e-01 -5.297132361831257130e-01 0.000000000000000000e+00 -1.008634810427736994e+01 5.297132361831257130e-01 -8.481768019772764067e-01 0.000000000000000000e+00 -4.654245103482608670e+00 0.000000000000000000e+00 0.000000000000000000e+00 1.000000000000000000e+00 0.000000000000000000e+00
9.328010693050856617e-01 3.603916828997150712e-01 0.000000000000000000e+00 -9.917056615620898796e+00 -3.603916828997150712e-01 9.328010693050856617e-01 0.000000000000000000e+00 -4.987481052831435946e+00 0.000000000000000000e+00 0.000000000000000000e+00 1.000000000000000000e+00 0.000000000000000000e+00
9.582137030123227817e-01 2.860533155889161683e-01 0.000000000000000000e+00 -9.469451623571366383e+00 -2.860533155889161683e-01 9.582137030123227817e-01 0.000000000000000000e+00 -5.344599586052185991e+00 0.000000000000000000e+00 0.000000000000000000e+00 1.000000000000000000e+00 0.000000000000000000e+00
9.692498110529618183e-01 2.460788568199180903e-01 0.000000000000000000e+00 -9.142603190868262786e+00 -2.460788568199180903e-01 9.692498110529618183e-01 0.000000000000000000e+00 -5.634301006414501600e+00 0.000000000000000000e+00 0.000000000000000000e+00 1.000000000000000000e+00 0.000000000000000000e+00
9.967429574973027950e-01 -8.064413605172995880e-02 0.000000000000000000e+00 -9.015630010954572171e+00 8.064413605172995880e-02 9.967429574973027950e-01 0.000000000000000000e+00 -6.011411040299796227e+00 0.000000000000000000e+00 0.000000000000000000e+00 1.000000000000000000e+00 0.000000000000000000e+00
9.219683768223575493e-01 -3.872651703155698955e-01 0.000000000000000000e+00 -8.574152761223526653e+00 3.872651703155698955e-01 9.219683768223575493e-01 0.000000000000000000e+00 -6.113937339588725095e+00 0.000000000000000000e+00 0.000000000000000000e+00 1.000000000000000000e+00 0.000000000000000000e+00
7.930835718120829991e-01 -6.091128369372859064e-01 0.000000000000000000e+00 -8.011017334621653774e+00 6.091128369372859064e-01 7.930835718120829991e-01 0.000000000000000000e+00 -6.250448244602472059e+00 0.000000000000000000e+00 0.000000000000000000e+00 1.000000000000000000e+00 0.000000000000000000e+00
5.718399767567449166e-01 -8.203651875737081323e-01 0.000000000000000000e+00 -7.594395501256846259e+00 8.203651875737081323e-01 5.718399767567449166e-01 0.000000000000000000e+00 -6.224825144882739636e+00 0.000000000000000000e+00 0.000000000000000000e+00 1.000000000000000000e+00 0.000000000000000000e+00
3.319734336978594214e-01 -9.432887359228100399e-01 0.000000000000000000e+00 -7.111760625857233897e+00 9.432887359228100399e-01 3.319734336978594214e-01 0.000000000000000000e+00 -6.327911688153578851e+00 0.000000000000000000e+00 0.000000000000000000e+00 1.000000000000000000e+00 0.000000000000000000e+00
2.138455646534109245e-01 -9.768674805100555636e-01 0.000000000000000000e+00 -6.679742165782430519e+00 9.768674805100555636e-01 2.138455646534109245e-01 0.000000000000000000e+00 -6.378864182859430798e+00 0.000000000000000000e+00 0.000000000000000000e+00 1.000000000000000000e+00 0.000000000000000000e+00
5.217342927898535598e-02 -9.986380391699840597e-01 0.000000000000000000e+00 -6.110008723889772675e+00 9.986380391699840597e-01 5.217342927898535598e-02 0.000000000000000000e+00 -6.223024700458879011e+00 0.000000000000000000e+00 0.000000000000000000e+00 1.000000000000000000e+00 0.000000000000000000e+00
7.094935641036026475e-02 9.974799190083756262e-01 0.000000000000000000e+00 -6.205356474286539026e+00 -9.974799190083756262e-01 7.094935641036026475e-02 0.000000000000000000e+00 -6.388621611366565034e+00 0.000000000000000000e+00 0.000000000000000000e+00 1.000000000000000000e+00 0.000000000000000000e+00
-3.644508686619429838e-01 -9.312226180304874479e-01 0.000000000000000000e+00 -5.637854136139064387e+00 9.312226180304874479e-01 -3.644508686619429838e-01 0.000000000000000000e+00 -5.961295996584894397e+00 0.000000000000000000e+00 0.000000000000000000e+00 1.000000000000000000e+00 0.000000000000000000e+00
-6.282701012602621704e-01 -7.779952955271772774e-01 0.000000000000000000e+00 -5.338187166936357642e+00 7.779952955271772774e-01 -6.282701012602621704e-01 0.000000000000000000e+00 -5.692032249377859898e+00 0.000000000000000000e+00 0.000000000000000000e+00 1.000000000000000000e+00 0.000000000000000000e+00
-7.766505016560619756e-01 -6.299317409667394285e-01 0.000000000000000000e+00 -4.913832702601744984e+00 6.299317409667394285e-01 -7.766505016560619756e-01 0.000000000000000000e+00 -5.376952423602851638e+00 0.000000000000000000e+00 0.000000000000000000e+00 1.000000000000000000e+00 0.000000000000000000e+00
-8.897648977438538109e-01 -4.564191349438247447e-01 0.000000000000000000e+00 -4.558057922236892878e+00 4.564191349438247447e-01 -8.897648977438538109e-01 0.000000000000000000e+00 -5.026379636856655786e+00 0.000000000000000000e+00 0.000000000000000000e+00 1.000000000000000000e+00 0.000000000000000000e+00
-9.464096631014975447e-01 -3.229686510918821640e-01 0.000000000000000000e+00 -4.428727330325884282e+00 3.229686510918821640e-01 -9.464096631014975447e-01 0.000000000000000000e+00 -4.627478677356054781e+00 0.000000000000000000e+00 0.000000000000000000e+00 1.000000000000000000e+00 0.000000000000000000e+00
-9.739959646542968308e-01 -2.265653566570707267e-01 0.000000000000000000e+00 -4.318088195336295954e+00 2.265653566570707267e-01 -9.739959646542968308e-01 0.000000000000000000e+00 -4.325965234655167357e+00 0.000000000000000000e+00 0.000000000000000000e+00 1.000000000000000000e+00 0.000000000000000000e+00
-9.989402416698767162e-01 -4.602600973936756684e-02 0.000000000000000000e+00 -3.907121453224866148e+00 4.602600973936756684e-02 -9.989402416698767162e-01 0.000000000000000000e+00 -3.955948053160835087e+00 0.000000000000000000e+00 0.000000000000000000e+00 1.000000000000000000e+00 0.000000000000000000e+00
-9.924252934269486293e-01 1.228496518775485102e-01 0.000000000000000000e+00 -3.808481155256994821e+00 -1.228496518775485102e-01 -9.924252934269486293e-01 0.000000000000000000e+00 -3.555141790625807374e+00 0.000000000000000000e+00 0.000000000000000000e+00 1.000000000000000000e+00 0.000000000000000000e+00
-9.847518951890541494e-01 1.739646657271700370e-01 0.000000000000000000e+00 -3.635922385119028544e+00 -1.739646657271700370e-01 -9.847518951890541494e-01 0.000000000000000000e+00 -3.065096804260339702e+00 0.000000000000000000e+00 0.000000000000000000e+00 1.000000000000000000e+00 0.000000000000000000e+00
-9.639566901699329060e-01 2.660592029542072079e-01 0.000000000000000000e+00 -3.428727981366961775e+00 -2.660592029542072079e-01 -9.639566901699329060e-01 0.000000000000000000e+00 -2.728576902907235535e+00 0.000000000000000000e+00 0.000000000000000000e+00 1.000000000000000000e+00 0.000000000000000000e+00
-9.724083113992333383e-01 2.332853958602887079e-01 0.000000000000000000e+00 -3.367522576129965639e+00 -2.332853958602887079e-01 -9.724083113992333383e-01 0.000000000000000000e+00 -2.309493298791550853e+00 0.000000000000000000e+00 0.000000000000000000e+00 1.000000000000000000e+00 0.000000000000000000e+00
-9.154240032070118938e-01 4.024908624459053175e-01 0.000000000000000000e+00 -3.135942996389385229e+00 -4.024908624459053175e-01 -9.154240032070118938e-01 0.000000000000000000e+00 -1.966060918377198430e+00 0.000000000000000000e+00 0.000000000000000000e+00 1.000000000000000000e+00 0.000000000000000000e+00
-9.055032551155921539e-01 4.243393158488461547e-01 0.000000000000000000e+00 -2.949010215618431019e+00 -4.243393158488461547e-01 -9.055032551155921539e-01 0.000000000000000000e+00 -1.815250479424216135e+00 0.000000000000000000e+00 0.000000000000000000e+00 1.000000000000000000e+00 0.000000000000000000e+00
-8.740342355392942686e-01 4.858643381698655173e-01 0.000000000000000000e+00 -2.883074275750430182e+00 -4.858643381698655173e-01 -8.740342355392942686e-01 0.000000000000000000e+00 -1.457491628791528271e+00 0.000000000000000000e+00 0.000000000000000000e+00 1.000000000000000000e+00 0.000000000000000000e+00
-8.534877124776422130e-01 5.211129672630316900e-01 0.000000000000000000e+00 -2.487324511832244678e+00 -5.211129672630316900e-01 -8.534877124776422130e-01 0.000000000000000000e+00 -1.167701899936446130e+00 0.000000000000000000e+00 0.000000000000000000e+00 1.000000000000000000e+00 0.000000000000000000e+00
-8.269781733777459287e-01 5.622340266799998876e-01 0.000000000000000000e+00 -2.173551047594290964e+00 -5.622340266799998876e-01 -8.269781733777459287e-01 0.000000000000000000e+00 -7.381116805449063900e-01 0.000000000000000000e+00 0.000000000000000000e+00 1.000000000000000000e+00 0.000000000000000000e+00
-8.266793590679870629e-01 5.626732953419257832e-01 0.000000000000000000e+00 -2.039142424586266156e+00 -5.626732953419257832e-01 -8.266793590679870629e-01 0.000000000000000000e+00 -4.133808277979029722e-01 0.000000000000000000e+00 0.000000000000000000e+00 1.000000000000000000e+00 0.000000000000000000e+00
-6.170189653634268190e-01 7.869482806270348130e-01 0.000000000000000000e+00 -1.717000727565252127e+00 -7.869482806270348130e-01 -6.170189653634268190e-01 0.000000000000000000e+00 -4.692615020422452599e-02 0.000000000000000000e+00 0.000000000000000000e+00 1.000000000000000000e+00 0.000000000000000000e+00
-6.227201378322045899e-01 7.824446497601220685e-01 0.000000000000000000e+00 -1.522383210060315628e+00 -7.824446497601220685e-01 -6.227201378322045899e-01 0.000000000000000000e+00 2.379156457256216273e-01 0.000000000000000000e+00 0.000000000000000000e+00 1.000000000000000000e+00 0.000000000000000000e+00
-7.574398497750755022e-01 -6.529049501824221169e-01 0.000000000000000000e+00 -1.714885777366230712e+00 6.529049501824221169e-01 -7.574398497750755022e-01 0.000000000000000000e+00 2.121282432214879887e-01 0.000000000000000000e+00 0.000000000000000000e+00 1.000000000000000000e+00 0.000000000000000000e+00
-4.090163328776867946e-01 9.125270623051621177e-01 0.000000000000000000e+00 -1.564422392333287615e+00 -9.125270623051621177e-01 -4.090163328776867946e-01 0.000000000000000000e+00 5.433505026243938829e-01 0.000000000000000000e+00 0.000000000000000000e+00 1.000000000000000000e+00 0.000000000000000000e+00
-2.044025039088222251e-01 9.788869272780201802e-01 0.000000000000000000e+00 -1.367071045919826755e+00 -9.788869272780201802e-01 -2.044025039088222251e-01 0.000000000000000000e+00 7.908317232491848259e-01 0.000000000000000000e+00 0.000000000000000000e+00 1.000000000000000000e+00 0.000000000000000000e+00
-5.569106592006742122e-03 9.999844924056406903e-01 0.000000000000000000e+00 -1.140686400895658537e+00 -9.999844924056406903e-01 -5.569106592006742122e-03 0.000000000000000000e+00 1.184449867103978704e+00 0.000000000000000000e+00 0.000000000000000000e+00 1.000000000000000000e+00 0.000000000000000000e+00
2.732826098637350931e-01 9.619337893774526638e-01 0.000000000000000000e+00 -1.075037582490133037e+00 -9.619337893774526638e-01 2.732826098637350931e-01 0.000000000000000000e+00 1.634811122987287479e+00 0.000000000000000000e+00 0.000000000000000000e+00 1.000000000000000000e+00 0.000000000000000000e+00
4.733299374184342656e-01 8.808852197326625388e-01 0.000000000000000000e+00 -1.198371181691133103e+00 -8.808852197326625388e-01 4.733299374184342656e-01 0.000000000000000000e+00 2.109970531989673326e+00 0.000000000000000000e+00 0.000000000000000000e+00 1.000000000000000000e+00 0.000000000000000000e+00
5.757216943703939993e-01 8.176457244010285619e-01 0.000000000000000000e+00 -1.137017695662640548e+00 -8.176457244010285619e-01 5.757216943703939993e-01 0.000000000000000000e+00 2.703880704023954085e+00 0.000000000000000000e+00 0.000000000000000000e+00 1.000000000000000000e+00 0.000000000000000000e+00
7.312517970439520454e-01 6.821076229745499653e-01 0.000000000000000000e+00 -1.175010243690645551e+00 -6.821076229745499653e-01 7.312517970439520454e-01 0.000000000000000000e+00 3.207879839894180130e+00 0.000000000000000000e+00 0.000000000000000000e+00 1.000000000000000000e+00 0.000000000000000000e+00
9.033365136936399864e-01 4.289325623309802604e-01 0.000000000000000000e+00 -1.454546596768338418e+00 -4.289325623309802604e-01 9.033365136936399864e-01 0.000000000000000000e+00 3.483780710771789302e+00 0.000000000000000000e+00 0.000000000000000000e+00 1.000000000000000000e+00 0.000000000000000000e+00
9.939167334600076398e-01 1.101341316222549938e-01 0.000000000000000000e+00 -1.787506734404326059e+00 -1.101341316222549938e-01 9.939167334600076398e-01 0.000000000000000000e+00 3.885147191117262810e+00 0.000000000000000000e+00 0.000000000000000000e+00 1.000000000000000000e+00 0.000000000000000000e+00
-9.682615159214249534e-01 2.499392661938978910e-01 0.000000000000000000e+00 -2.033046380155962396e+00 -2.499392661938978910e-01 -9.682615159214249534e-01 0.000000000000000000e+00 4.291199013285264208e+00 0.000000000000000000e+00 0.000000000000000000e+00 1.000000000000000000e+00 0.000000000000000000e+00
-8.793387766133812233e-01 4.761967197955925268e-01 0.000000000000000000e+00 -2.671296106924916369e+00 -4.761967197955925268e-01 -8.793387766133812233e-01 0.000000000000000000e+00 4.745743003667911353e+00 0.000000000000000000e+00 0.000000000000000000e+00 1.000000000000000000e+00 0.000000000000000000e+00
-6.656170814210000675e-01 7.462934415634306928e-01 0.000000000000000000e+00 -3.225271252632388563e+00 -7.462934415634306928e-01 -6.656170814210000675e-01 0.000000000000000000e+00 4.950572431141671892e+00 0.000000000000000000e+00 0.000000000000000000e+00 1.000000000000000000e+00 0.000000000000000000e+00
-4.350806719011434121e-01 9.003914753805978277e-01 0.000000000000000000e+00 -3.715209734060034297e+00 -9.003914753805978277e-01 -4.350806719011434121e-01 0.000000000000000000e+00 5.323248259186513565e+00 0.000000000000000000e+00 0.000000000000000000e+00 1.000000000000000000e+00 0.000000000000000000e+00
-1.783583478132075573e-01 9.839655988729193448e-01 0.000000000000000000e+00 -4.268557930866539785e+00 -9.839655988729193448e-01 -1.783583478132075573e-01 0.000000000000000000e+00 5.408403268411825948e+00 0.000000000000000000e+00 0.000000000000000000e+00 1.000000000000000000e+00 0.000000000000000000e+00
1.789706589171163043e-01 9.838544116111759275e-01 0.000000000000000000e+00 -5.000588220557601993e+00 -9.838544116111759275e-01 1.789706589171163043e-01 0.000000000000000000e+00 5.503425844039581349e+00 0.000000000000000000e+00 0.000000000000000000e+00 1.000000000000000000e+00 0.000000000000000000e+00
4.073588966917349730e-01 9.132681584759716475e-01 0.000000000000000000e+00 -5.603126013310198772e+00 -9.132681584759716475e-01 4.073588966917349730e-01 0.000000000000000000e+00 5.570398998953137948e+00 0.000000000000000000e+00 0.000000000000000000e+00 1.000000000000000000e+00 0.000000000000000000e+00
7.992920793012354697e-01 6.009427360125983997e-01 0.000000000000000000e+00 -6.282655360053868598e+00 -6.009427360125983997e-01 7.992920793012354697e-01 0.000000000000000000e+00 5.461548083190633562e+00 0.000000000000000000e+00 0.000000000000000000e+00 1.000000000000000000e+00 0.000000000000000000e+00
9.215846614155893679e-01 3.881774231501793904e-01 0.000000000000000000e+00 -6.955794331664432839e+00 -3.881774231501793904e-01 9.215846614155893679e-01 0.000000000000000000e+00 5.322725702540613391e+00 0.000000000000000000e+00 0.000000000000000000e+00 1.000000000000000000e+00 0.000000000000000000e+00
9.632065670378994193e-01 2.687621796590150547e-01 0.000000000000000000e+00 -7.526288337439766885e+00 -2.687621796590150547e-01 9.632065670378994193e-01 0.000000000000000000e+00 5.022013171852217184e+00 0.000000000000000000e+00 0.000000000000000000e+00 1.000000000000000000e+00 0.000000000000000000e+00
9.987029421998616652e-01 5.091594289944728624e-02 0.000000000000000000e+00 -7.829397083354635356e+00 -5.091594289944728624e-02 9.987029421998616652e-01 0.000000000000000000e+00 4.978911191957114291e+00 0.000000000000000000e+00 0.000000000000000000e+00 1.000000000000000000e+00 0.000000000000000000e+00
9.938104759531949384e-01 1.110888738158962996e-01 0.000000000000000000e+00 -7.888914869051703249e+00 -1.110888738158962996e-01 9.938104759531949384e-01 0.000000000000000000e+00 4.598527953285138636e+00 0.000000000000000000e+00 0.000000000000000000e+00 1.000000000000000000e+00 0.000000000000000000e+00
9.999242109145902724e-01 -1.231147541255539317e-02 0.000000000000000000e+00 -8.020111281350409627e+00 1.231147541255539317e-02 9.999242109145902724e-01 0.000000000000000000e+00 4.302932141981095526e+00 0.000000000000000000e+00 0.000000000000000000e+00 1.000000000000000000e+00 0.000000000000000000e+00
9.811918347529825501e-01 -1.930351869843313639e-01 0.000000000000000000e+00 -8.048248952054816385e+00 1.930351869843313639e-01 9.811918347529825501e-01 0.000000000000000000e+00 3.879054834717039490e+00 0.000000000000000000e+00 0.000000000000000000e+00 1.000000000000000000e+00 0.000000000000000000e+00
9.569648880837696714e-01 -2.902037266728636489e-01 0.000000000000000000e+00 -7.995378701336580463e+00 2.902037266728636489e-01 9.569648880837696714e-01 0.000000000000000000e+00 3.486714900965426800e+00 0.000000000000000000e+00 0.000000000000000000e+00 1.000000000000000000e+00 0.000000000000000000e+00
9.367579196246414996e-01 -3.499779993378349663e-01 0.000000000000000000e+00 -7.996153785535308423e+00 3.499779993378349663e-01 9.367579196246414996e-01 0.000000000000000000e+00 3.044067184683647564e+00 0.000000000000000000e+00 0.000000000000000000e+00 1.000000000000000000e+00 0.000000000000000000e+00
9.647398356820857668e-01 -2.632053370433473094e-01 0.000000000000000000e+00 -8.035105858206025076e+00 2.632053370433473094e-01 9.647398356820857668e-01 0.000000000000000000e+00 2.575460743993234214e+00 0.000000000000000000e+00 0.000000000000000000e+00 1.000000000000000000e+00 0.000000000000000000e+00
9.504088962752421654e-01 -3.110031026868960158e-01 0.000000000000000000e+00 -8.191577022200961622e+00 3.110031026868960158e-01 9.504088962752421654e-01 0.000000000000000000e+00 2.045316170141807444e+00 0.000000000000000000e+00 0.000000000000000000e+00 1.000000000000000000e+00 0.000000000000000000e+00
9.249428840966993359e-01 -3.801061182865645982e-01 0.000000000000000000e+00 -8.177785501484654773e+00 3.801061182865645982e-01 9.249428840966993359e-01 0.000000000000000000e+00 1.716279659789107459e+00 0.000000000000000000e+00 0.000000000000000000e+00 1.000000000000000000e+00 0.000000000000000000e+00
8.899518724181429974e-01 -4.560544537436745371e-01 0.000000000000000000e+00 -8.277501698494800664e+00 4.560544537436745371e-01 8.899518724181429974e-01 0.000000000000000000e+00 1.386940456635602725e+00 0.000000000000000000e+00 0.000000000000000000e+00 1.000000000000000000e+00 0.000000000000000000e+00
9.394713931697584730e-01 -3.426273506532615531e-01 0.000000000000000000e+00 -8.439586907025997675e+00 3.426273506532615531e-01 9.394713931697584730e-01 0.000000000000000000e+00 1.028994866773667916e+00 0.000000000000000000e+00 0.000000000000000000e+00 1.000000000000000000e+00 0.000000000000000000e+00
9.556950337540572882e-01 -2.943586289848341142e-01 0.000000000000000000e+00 -8.524997609105081864e+00 2.943586289848341142e-01 9.556950337540572882e-01 0.000000000000000000e+00 6.121639938095020383e-01 0.000000000000000000e+00 0.000000000000000000e+00 1.000000000000000000e+00 0.000000000000000000e+00
9.353723877415315302e-01 -3.536643836332772350e-01 0.000000000000000000e+00 -8.763464962840579631e+00 3.536643836332772350e-01 9.353723877415315302e-01 0.000000000000000000e+00 3.308860062233103250e-01 0.000000000000000000e+00 0.000000000000000000e+00 1.000000000000000000e+00 0.000000000000000000e+00
8.919432407183178757e-01 -4.521473823178730478e-01 0.000000000000000000e+00 -8.771603890418910865e+00 4.521473823178730478e-01 8.919432407183178757e-01 0.000000000000000000e+00 5.363387914110306909e-02 0.000000000000000000e+00 0.000000000000000000e+00 1.000000000000000000e+00 0.000000000000000000e+00
8.606721819647613625e-01 -5.091594987742217304e-01 0.000000000000000000e+00 -8.987648170349828547e+00 5.091594987742217304e-01 8.606721819647613625e-01 0.000000000000000000e+00 -2.479965861956152651e-01 0.000000000000000000e+00 0.000000000000000000e+00 1.000000000000000000e+00 0.000000000000000000e+00
7.347880252772365228e-01 -6.782968066482247815e-01 0.000000000000000000e+00 -9.248746748036170473e+00 6.782968066482247815e-01 7.347880252772365228e-01 0.000000000000000000e+00 -3.158515153742333936e-01 0.000000000000000000e+00 0.000000000000000000e+00 1.000000000000000000e+00 0.000000000000000000e+00
7.504921283367753659e-01 -6.608793878647880593e-01 0.000000000000000000e+00 -9.432479111792687831e+00 6.608793878647880593e-01 7.504921283367753659e-01 0.000000000000000000e+00 -7.105954015412385694e-01 0.000000000000000000e+00 0.000000000000000000e+00 1.000000000000000000e+00 0.000000000000000000e+00
8.509743009365927646e-01 -5.252073296760786381e-01 0.000000000000000000e+00 -9.614302684174726110e+00 5.252073296760786381e-01 8.509743009365927646e-01 0.000000000000000000e+00 -1.032507534102402813e+00 0.000000000000000000e+00 0.000000000000000000e+00 1.000000000000000000e+00 0.000000000000000000e+00
7.718737246890180481e-01 -6.357758670590619721e-01 0.000000000000000000e+00 -9.983071713380534007e+00 6.357758670590619721e-01 7.718737246890180481e-01 0.000000000000000000e+00 -1.279173317865613058e+00 0.000000000000000000e+00 0.000000000000000000e+00 1.000000000000000000e+00 0.000000000000000000e+00
7.264718859050375288e-01 -6.871961866814877418e-01 0.000000000000000000e+00 -1.023253140521325832e+01 6.871961866814877418e-01 7.264718859050375288e-01 0.000000000000000000e+00 -1.570635216669165724e+00 0.000000000000000000e+00 0.000000000000000000e+00 1.000000000000000000e+00 0.000000000000000000e+00
6.068445160941209338e-01 -7.948205667233908533e-01 0.000000000000000000e+00 -1.015743481121903891e+01 7.948205667233908533e-01 6.068445160941209338e-01 0.000000000000000000e+00 -1.503793082925745983e+00 0.000000000000000000e+00 0.000000000000000000e+00 1.000000000000000000e+00 0.000000000000000000e+00
5.186121311207496642e-01 -8.550096241881691705e-01 0.000000000000000000e+00 -1.035527528313952494e+01 8.550096241881691705e-01 5.186121311207496642e-01 0.000000000000000000e+00 -1.893976739203358850e+00 0.000000000000000000e+00 0.000000000000000000e+00 1.000000000000000000e+00 0.000000000000000000e+00
3.883945345582154318e-01 -9.214931825712587843e-01 0.000000000000000000e+00 -1.037150294369943637e+01 9.214931825712587843e-01 3.883945345582154318e-01 0.000000000000000000e+00 -2.368863021782050549e+00 0.000000000000000000e+00 0.000000000000000000e+00 1.000000000000000000e+00 0.000000000000000000e+00
2.016526907452161066e-01 -9.794570905941791805e-01 0.000000000000000000e+00 -1.042489127979427721e+01 9.794570905941791805e-01 2.016526907452161066e-01 0.000000000000000000e+00 -2.762801435133298344e+00 0.000000000000000000e+00 0.000000000000000000e+00 1.000000000000000000e+00 0.000000000000000000e+00
-2.003049554916910141e-02 -9.997993694977281853e-01 0.000000000000000000e+00 -1.055772926343701990e+01 9.997993694977281853e-01 -2.003049554916910141e-02 0.000000000000000000e+00 -3.138662143987614783e+00 0.000000000000000000e+00 0.000000000000000000e+00 1.000000000000000000e+00 0.000000000000000000e+00
-2.099813024809849549e-01 -9.777054017485988791e-01 0.000000000000000000e+00 -1.041114368565673232e+01 9.777054017485988791e-01 -2.099813024809849549e-01 0.000000000000000000e+00 -3.457657316632954725e+00 0.000000000000000000e+00 0.000000000000000000e+00 1.000000000000000000e+00 0.000000000000000000e+00
-3.605190097950318751e-01 -9.327518660267636319e-01 0.000000000000000000e+00 -1.031560632632921326e+01 9.327518660267636319e-01 -3.605190097950318751e-01 0.000000000000000000e+00 -3.788957173859345051e+00 0.000000000000000000e+00 0.000000000000000000e+00 1.000000000000000000e+00 0.000000000000000000e+00
-5.899492735251284925e-01 -8.074403102813069166e-01 0.000000000000000000e+00 -1.027705573501987146e+01 8.074403102813069166e-01 -5.899492735251284925e-01 0.000000000000000000e+00 -4.080703021248605289e+00 0.000000000000000000e+00 0.000000000000000000e+00 1.000000000000000000e+00 0.000000000000000000e+00
-8.025544700755004035e-01 -5.965788485706082778e-01 0.000000000000000000e+00 -1.006414092020734330e+01 5.965788485706082778e-01 -8.025544700755004035e-01 0.000000000000000000e+00 -4.550687931658782048e+00 0.000000000000000000e+00 0.000000000000000000e+00 1.000000000000000000e+00 0.000000000000000000e+00
-8.873608263438500510e-01 -4.610756595943442671e-01 0.000000000000000000e+00 -9.889189858697889690e+00 4.610756595943442671e-01 -8.873608263438500510e-01 0.000000000000000000e+00 -4.828689863032730401e+00 0.000000000000000000e+00 0.000000000000000000e+00 1.000000000000000000e+00 0.000000000000000000e+00
9.525215238948000485e-01 3.044712572922571581e-01 0.000000000000000000e+00 -9.568412376374725525e+00 -3.044712572922571581e-01 9.525215238948000485e-01 0.000000000000000000e+00 -5.211228316771007840e+00 0.000000000000000000e+00 0.000000000000000000e+00 1.000000000000000000e+00 0.000000000000000000e+00
9.915010033048905491e-01 1.300990409088219613e-01 0.000000000000000000e+00 -9.304333349013541365e+00 -1.300990409088219613e-01 9.915010033048905491e-01 0.000000000000000000e+00 -5.512014344732365956e+00 0.000000000000000000e+00 0.000000000000000000e+00 1.000000000000000000e+00 0.000000000000000000e+00
9.995097418981834236e-01 -3.130935723752203970e-02 0.000000000000000000e+00 -8.996034218541730354e+00 3.130935723752203970e-02 9.995097418981834236e-01 0.000000000000000000e+00 -5.882480509482300945e+00 0.000000000000000000e+00 0.000000000000000000e+00 1.000000000000000000e+00 0.000000000000000000e+00
9.689041568165509544e-01 -2.474363249476691784e-01 0.000000000000000000e+00 -8.518383252504975189e+00 2.474363249476691784e-01 9.689041568165509544e-01 0.000000000000000000e+00 -6.220288542816067690e+00 0.000000000000000000e+00 0.000000000000000000e+00 1.000000000000000000e+00 0.000000000000000000e+00
8.370950004650534737e-01 -5.470575474266048399e-01 0.000000000000000000e+00 -8.162924736333891929e+00 5.470575474266048399e-01 8.370950004650534737e-01 0.000000000000000000e+00 -6.219764271880762863e+00 0.000000000000000000e+00 0.000000000000000000e+00 1.000000000000000000e+00 0.000000000000000000e+00
6.481133127895528645e-01 -7.615439145479078187e-01 0.000000000000000000e+00 -7.786461610792525079e+00 7.615439145479078187e-01 6.481133127895528645e-01 0.000000000000000000e+00 -6.276506655658508294e+00 0.000000000000000000e+00 0.000000000000000000e+00 1.000000000000000000e+00 0.000000000000000000e+00
4.213658368473187088e-01 -9.068907495051202750e-01 0.000000000000000000e+00 -7.166532562269062545e+00 9.068907495051202750e-01 4.213658368473187088e-01 0.000000000000000000e+00 -6.174770951846253908e+00 0.000000000000000000e+00 0.000000000000000000e+00 1.000000000000000000e+00 0.000000000000000000e+00
3.098552051697693877e-01 -9.507837566077789182e-01 0.000000000000000000e+00 -6.526968136836079459e+00 9.507837566077789182e-01 3.098552051697693877e-01 0.000000000000000000e+00 -6.155415457167787707e+00 0.000000000000000000e+00 0.000000000000000000e+00 1.000000000000000000e+00 0.000000000000000000e+00
1.712202819977288459e-01 -9.852327720049807169e-01 0.000000000000000000e+00 -6.218624639557932099e+00 9.852327720049807169e-01 1.712202819977288459e-01 0.000000000000000000e+00 -6.131533378526752287e+00 0.000000000000000000e+00 0.000000000000000000e+00 1.000000000000000000e+00 0.000000000000000000e+00
-5.079152603527228166e-02 9.987092774591653788e-01 0.000000000000000000e+00 -5.733516900695192042e+00 -9.987092774591653788e-01 -5.079152603527228166e-02 0.000000000000000000e+00 -5.863078943289742995e+00 0.000000000000000000e+00 0.000000000000000000e+00 1.000000000000000000e+00 0.000000000000000000e+00
