1.000000000000000000e+00 -0.000000000000000000e+00 0.000000000000000000e+00 -8.000000000000000000e+00 0.000000000000000000e+00 1.000000000000000000e+00 0.000000000000000000e+00 5.000000000000000000e+00 0.000000000000000000e+00 0.000000000000000000e+00 1.000000000000000000e+00 0.000000000000000000e+00
9.999980633902237903e-01 -1.968048729551545931e-03 0.000000000000000000e+00 -8.017860000000000653e+00 1.968048729551545931e-03 9.999980633902237903e-01 0.000000000000000000e+00 4.583829999999999849e+00 0.000000000000000000e+00 0.000000000000000000e+00 1.000000000000000000e+00 0.000000000000000000e+00
9.999286975537359234e-01 -1.194151617213321144e-02 0.000000000000000000e+00 -8.034829999999999472e+00 1.194151617213321144e-02 9.999286975537359234e-01 0.000000000000000000e+00 4.167659999999999698e+00 0.000000000000000000e+00 0.000000000000000000e+00 1.000000000000000000e+00 0.000000000000000000e+00
9.991090285652399761e-01 -4.220366144569193123e-02 0.000000000000000000e+00 -8.012660000000000338e+00 4.220366144569193123e-02 9.991090285652399761e-01 0.000000000000000000e+00 3.798649999999999860e+00 0.000000000000000000e+00 0.000000000000000000e+00 1.000000000000000000e+00 0.000000000000000000e+00
9.979906903631929893e-01 -6.336072875525906867e-02 0.000000000000000000e+00 -7.976880000000000415e+00 6.336072875525906867e-02 9.979906903631929893e-01 0.000000000000000000e+00 3.430009999999999781e+00 0.000000000000000000e+00 0.000000000000000000e+00 1.000000000000000000e+00 0.000000000000000000e+00
9.900870570513452540e-01 -1.404550442647258812e-01 0.000000000000000000e+00 -7.946939999999999671e+00 1.404550442647258812e-01 9.900870570513452540e-01 0.000000000000000000e+00 2.908760000000000012e+00 0.000000000000000000e+00 0.000000000000000000e+00 1.000000000000000000e+00 0.000000000000000000e+00
9.996526717478099178e-01 -2.635404840751024227e-02 0.000000000000000000e+00 -7.717039999999999900e+00 2.635404840751024227e-02 9.996526717478099178e-01 0.000000000000000000e+00 2.368939999999999824e+00 0.000000000000000000e+00 0.000000000000000000e+00 1.000000000000000000e+00 0.000000000000000000e+00
9.992561193640941974e-01 3.856433473315792199e-02 0.000000000000000000e+00 -7.693570000000000242e+00 -3.856433473315792199e-02 9.992561193640941974e-01 0.000000000000000000e+00 1.873029999999999973e+00 0.000000000000000000e+00 0.000000000000000000e+00 1.000000000000000000e+00 0.000000000000000000e+00
9.991775032460430417e-01 -4.055017887757943890e-02 0.000000000000000000e+00 -7.673879999999999590e+00 4.055017887757943890e-02 9.991775032460430417e-01 0.000000000000000000e+00 1.431089999999999973e+00 0.000000000000000000e+00 0.000000000000000000e+00 1.000000000000000000e+00 0.000000000000000000e+00
9.977232456818214690e-01 -6.744127094095796193e-02 0.000000000000000000e+00 -7.677369999999999806e+00 6.744127094095796193e-02 9.977232456818214690e-01 0.000000000000000000e+00 9.239039999999999475e-01 0.000000000000000000e+00 0.000000000000000000e+00 1.000000000000000000e+00 0.000000000000000000e+00
9.990446690217289483e-01 -4.370067847601630251e-02 0.000000000000000000e+00 -7.532680000000000042e+00 4.370067847601630251e-02 9.990446690217289483e-01 0.000000000000000000e+00 4.696989999999999776e-01 0.000000000000000000e+00 0.000000000000000000e+00 1.000000000000000000e+00 0.000000000000000000e+00
9.850119592891731779e-01 1.724860575736607005e-01 0.000000000000000000e+00 -7.589839999999999698e+00 -1.724860575736607005e-01 9.850119592891731779e-01 0.000000000000000000e+00 4.966469999999999912e-02 0.000000000000000000e+00 0.000000000000000000e+00 1.000000000000000000e+00 0.000000000000000000e+00
9.774379024215006373e-01 2.112229791236194254e-01 0.000000000000000000e+00 -7.586439999999999628e+00 -2.112229791236194254e-01 9.774379024215006373e-01 0.000000000000000000e+00 -4.083379999999999788e-01 0.000000000000000000e+00 0.000000000000000000e+00 1.000000000000000000e+00 0.000000000000000000e+00
9.781296148429403647e-01 2.079962897919119813e-01 0.000000000000000000e+00 -7.863579999999999792e+00 -2.079962897919119813e-01 9.781296148429403647e-01 0.000000000000000000e+00 -9.588389999999999969e-01 0.000000000000000000e+00 0.000000000000000000e+00 1.000000000000000000e+00 0.000000000000000000e+00
9.973839597418726610e-01 7.228579977853621941e-02 0.000000000000000000e+00 -7.795340000000000380e+00 -7.228579977853621941e-02 9.973839597418726610e-01 0.000000000000000000e+00 -1.332089999999999996e+00 0.000000000000000000e+00 0.000000000000000000e+00 1.000000000000000000e+00 0.000000000000000000e+00
9.925096741608216977e-01 1.221660619696789685e-01 0.000000000000000000e+00 -7.843779999999999752e+00 -1.221660619696789685e-01 9.925096741608216977e-01 0.000000000000000000e+00 -1.836810000000000054e+00 0.000000000000000000e+00 0.000000000000000000e+00 1.000000000000000000e+00 0.000000000000000000e+00
9.983334861877827260e-01 5.770832137697581854e-02 0.000000000000000000e+00 -7.961590000000000167e+00 -5.770832137697581854e-02 9.983334861877827260e-01 0.000000000000000000e+00 -2.120299999999999851e+00 0.000000000000000000e+00 0.000000000000000000e+00 1.000000000000000000e+00 0.000000000000000000e+00
9.979774833863364059e-01 6.356840924448717289e-02 0.000000000000000000e+00 -7.893790000000000084e+00 -6.356840924448717289e-02 9.979774833863364059e-01 0.000000000000000000e+00 -2.740709999999999980e+00 0.000000000000000000e+00 0.000000000000000000e+00 1.000000000000000000e+00 0.000000000000000000e+00
9.855361709852294982e-01 1.694652049235254587e-01 0.000000000000000000e+00 -8.044280000000000541e+00 -1.694652049235254587e-01 9.855361709852294982e-01 0.000000000000000000e+00 -3.194370000000000154e+00 0.000000000000000000e+00 0.000000000000000000e+00 1.000000000000000000e+00 0.000000000000000000e+00
9.847204445169739362e-01 1.741426029158093525e-01 0.000000000000000000e+00 -7.904440000000000133e+00 -1.741426029158093525e-01 9.847204445169739362e-01 0.000000000000000000e+00 -3.546850000000000058e+00 0.000000000000000000e+00 0.000000000000000000e+00 1.000000000000000000e+00 0.000000000000000000e+00
9.984042939103244807e-01 5.647004428390662439e-02 0.000000000000000000e+00 -8.025249999999999773e+00 -5.647004428390662439e-02 9.984042939103244807e-01 0.000000000000000000e+00 -3.525990000000000180e+00 0.000000000000000000e+00 0.000000000000000000e+00 1.000000000000000000e+00 0.000000000000000000e+00
9.994405340228141865e-01 -3.344576134866719674e-02 0.000000000000000000e+00 -7.938839999999999897e+00 3.344576134866719674e-02 9.994405340228141865e-01 0.000000000000000000e+00 -3.813229999999999897e+00 0.000000000000000000e+00 0.000000000000000000e+00 1.000000000000000000e+00 0.000000000000000000e+00
9.902603208550453395e-01 -1.392282189071691045e-01 0.000000000000000000e+00 -7.819329999999999892e+00 1.392282189071691045e-01 9.902603208550453395e-01 0.000000000000000000e+00 -4.295200000000000351e+00 0.000000000000000000e+00 0.000000000000000000e+00 1.000000000000000000e+00 0.000000000000000000e+00
9.411849789328562421e-01 -3.378917510552144066e-01 0.000000000000000000e+00 -7.628099999999999881e+00 3.378917510552144066e-01 9.411849789328562421e-01 0.000000000000000000e+00 -4.684359999999999857e+00 0.000000000000000000e+00 0.000000000000000000e+00 1.000000000000000000e+00 0.000000000000000000e+00
8.790059208130442947e-01 -4.768108547166393651e-01 0.000000000000000000e+00 -7.450789999999999580e+00 4.768108547166393651e-01 8.790059208130442947e-01 0.000000000000000000e+00 -5.098690000000000389e+00 0.000000000000000000e+00 0.000000000000000000e+00 1.000000000000000000e+00 0.000000000000000000e+00
8.095859029084775393e-01 -5.870014189181020914e-01 0.000000000000000000e+00 -7.205059999999999576e+00 5.870014189181020914e-01 8.095859029084775393e-01 0.000000000000000000e+00 -5.374539999999999651e+00 0.000000000000000000e+00 0.000000000000000000e+00 1.000000000000000000e+00 0.000000000000000000e+00
7.042323536367136594e-01 -7.099695712432291250e-01 0.000000000000000000e+00 -6.942459999999999631e+00 7.099695712432291250e-01 7.042323536367136594e-01 0.000000000000000000e+00 -5.506409999999999805e+00 0.000000000000000000e+00 0.000000000000000000e+00 1.000000000000000000e+00 0.000000000000000000e+00
6.472454637350669726e-01 -7.622816472107787344e-01 0.000000000000000000e+00 -6.711229999999999585e+00 7.622816472107787344e-01 6.472454637350669726e-01 0.000000000000000000e+00 -5.670670000000000321e+00 0.000000000000000000e+00 0.000000000000000000e+00 1.000000000000000000e+00 0.000000000000000000e+00
4.702696757031004648e-01 -8.825227657766686606e-01 0.000000000000000000e+00 -6.328269999999999840e+00 8.825227657766686606e-01 4.702696757031004648e-01 0.000000000000000000e+00 -5.903599999999999959e+00 0.000000000000000000e+00 0.000000000000000000e+00 1.000000000000000000e+00 0.000000000000000000e+00
2.885444958298338802e-01 -9.574664871034949121e-01 0.000000000000000000e+00 -5.982140000000000235e+00 9.574664871034949121e-01 2.885444958298338802e-01 0.000000000000000000e+00 -6.558639999999999581e+00 0.000000000000000000e+00 0.000000000000000000e+00 1.000000000000000000e+00 0.000000000000000000e+00
-6.861970758481691912e-02 9.976428898814315716e-01 0.000000000000000000e+00 -5.751089999999999591e+00 -9.976428898814315716e-01 -6.861970758481691912e-02 0.000000000000000000e+00 -7.035619999999999763e+00 0.000000000000000000e+00 0.000000000000000000e+00 1.000000000000000000e+00 0.000000000000000000e+00
4.176314654530301901e-03 9.999912791599266937e-01 0.000000000000000000e+00 -5.306759999999999700e+00 -9.999912791599266937e-01 4.176314654530301901e-03 0.000000000000000000e+00 -7.020590000000000330e+00 0.000000000000000000e+00 0.000000000000000000e+00 1.000000000000000000e+00 0.000000000000000000e+00
4.539072577139823678e-02 9.989693098458759524e-01 0.000000000000000000e+00 -4.987009999999999721e+00 -9.989693098458759524e-01 4.539072577139823678e-02 0.000000000000000000e+00 -7.014949999999999797e+00 0.000000000000000000e+00 0.000000000000000000e+00 1.000000000000000000e+00 0.000000000000000000e+00
2.733138053002807100e-01 9.619249262974113313e-01 0.000000000000000000e+00 -4.667159999999999975e+00 -9.619249262974113313e-01 2.733138053002807100e-01 0.000000000000000000e+00 -7.083580000000000432e+00 0.000000000000000000e+00 0.000000000000000000e+00 1.000000000000000000e+00 0.000000000000000000e+00
4.767434571139186894e-01 8.790424768457262283e-01 0.000000000000000000e+00 -4.249780000000000335e+00 -8.790424768457262283e-01 4.767434571139186894e-01 0.000000000000000000e+00 -6.757850000000000357e+00 0.000000000000000000e+00 0.000000000000000000e+00 1.000000000000000000e+00 0.000000000000000000e+00
6.442271152415173230e-01 7.648342460870803938e-01 0.000000000000000000e+00 -3.828510000000000080e+00 -7.648342460870803938e-01 6.442271152415173230e-01 0.000000000000000000e+00 -6.467450000000000365e+00 0.000000000000000000e+00 0.000000000000000000e+00 1.000000000000000000e+00 0.000000000000000000e+00
7.994651478718436399e-01 6.007124747649670304e-01 0.000000000000000000e+00 -3.610590000000000188e+00 -6.007124747649670304e-01 7.994651478718436399e-01 0.000000000000000000e+00 -6.118549999999999933e+00 0.000000000000000000e+00 0.000000000000000000e+00 1.000000000000000000e+00 0.000000000000000000e+00
9.032038376166625637e-01 4.292118680960878563e-01 0.000000000000000000e+00 -3.301880000000000148e+00 -4.292118680960878563e-01 9.032038376166625637e-01 0.000000000000000000e+00 -5.798829999999999707e+00 0.000000000000000000e+00 0.000000000000000000e+00 1.000000000000000000e+00 0.000000000000000000e+00
9.157927894987110129e-01 4.016510509163017106e-01 0.000000000000000000e+00 -3.059379999999999988e+00 -4.016510509163017106e-01 9.157927894987110129e-01 0.000000000000000000e+00 -5.457519999999999705e+00 0.000000000000000000e+00 0.000000000000000000e+00 1.000000000000000000e+00 0.000000000000000000e+00
9.304929702667487090e-01 3.663097490978960979e-01 0.000000000000000000e+00 -2.816489999999999938e+00 -3.663097490978960979e-01 9.304929702667487090e-01 0.000000000000000000e+00 -4.976350000000000051e+00 0.000000000000000000e+00 0.000000000000000000e+00 1.000000000000000000e+00 0.000000000000000000e+00
-9.298568859718070456e-01 -3.679214204294361523e-01 0.000000000000000000e+00 -2.924440000000000150e+00 3.679214204294361523e-01 -9.298568859718070456e-01 0.000000000000000000e+00 -5.138560000000000016e+00 0.000000000000000000e+00 0.000000000000000000e+00 1.000000000000000000e+00 0.000000000000000000e+00
9.802900532884049056e-01 1.975636895378707347e-01 0.000000000000000000e+00 -2.805649999999999977e+00 -1.975636895378707347e-01 9.802900532884049056e-01 0.000000000000000000e+00 -4.436869999999999870e+00 0.000000000000000000e+00 0.000000000000000000e+00 1.000000000000000000e+00 0.000000000000000000e+00
9.998723448870837638e-01 1.597792007755108670e-02 0.000000000000000000e+00 -2.807449999999999779e+00 -1.597792007755108670e-02 9.998723448870837638e-01 0.000000000000000000e+00 -4.015039999999999942e+00 0.000000000000000000e+00 0.000000000000000000e+00 1.000000000000000000e+00 0.000000000000000000e+00
9.974635754069538507e-01 -7.117875902526044074e-02 0.000000000000000000e+00 -2.717060000000000031e+00 7.117875902526044074e-02 9.974635754069538507e-01 0.000000000000000000e+00 -3.486099999999999977e+00 0.000000000000000000e+00 0.000000000000000000e+00 1.000000000000000000e+00 0.000000000000000000e+00
9.877368865990582281e-01 -1.561276492220363410e-01 0.000000000000000000e+00 -2.690760000000000041e+00 1.561276492220363410e-01 9.877368865990582281e-01 0.000000000000000000e+00 -2.964039999999999786e+00 0.000000000000000000e+00 0.000000000000000000e+00 1.000000000000000000e+00 0.000000000000000000e+00
9.836103033683459840e-01 -1.803074349760165340e-01 0.000000000000000000e+00 -2.869800000000000129e+00 1.803074349760165340e-01 9.836103033683459840e-01 0.000000000000000000e+00 -2.521030000000000104e+00 0.000000000000000000e+00 0.000000000000000000e+00 1.000000000000000000e+00 0.000000000000000000e+00
9.868874719445605015e-01 -1.614097819801336153e-01 0.000000000000000000e+00 -3.002609999999999779e+00 1.614097819801336153e-01 9.868874719445605015e-01 0.000000000000000000e+00 -2.168719999999999981e+00 0.000000000000000000e+00 0.000000000000000000e+00 1.000000000000000000e+00 0.000000000000000000e+00
9.746184443744294601e-01 -2.238724813039048023e-01 0.000000000000000000e+00 -2.906099999999999905e+00 2.238724813039048023e-01 9.746184443744294601e-01 0.000000000000000000e+00 -1.598989999999999911e+00 0.000000000000000000e+00 0.000000000000000000e+00 1.000000000000000000e+00 0.000000000000000000e+00
9.617381181514020883e-01 -2.739704219338280344e-01 0.000000000000000000e+00 -3.082209999999999894e+00 2.739704219338280344e-01 9.617381181514020883e-01 0.000000000000000000e+00 -1.165140000000000065e+00 0.000000000000000000e+00 0.000000000000000000e+00 1.000000000000000000e+00 0.000000000000000000e+00
9.773531234226470188e-01 -2.116149147295531552e-01 0.000000000000000000e+00 -3.232870000000000132e+00 2.116149147295531552e-01 9.773531234226470188e-01 0.000000000000000000e+00 -6.150560000000000471e-01 0.000000000000000000e+00 0.000000000000000000e+00 1.000000000000000000e+00 0.000000000000000000e+00
9.815160080354554673e-01 -1.913800563542180921e-01 0.000000000000000000e+00 -3.266259999999999941e+00 1.913800563542180921e-01 9.815160080354554673e-01 0.000000000000000000e+00 -1.767990000000000117e-01 0.000000000000000000e+00 0.000000000000000000e+00 1.000000000000000000e+00 0.000000000000000000e+00
9.989855779739598152e-01 -4.503126691570371459e-02 0.000000000000000000e+00 -3.459919999999999884e+00 4.503126691570371459e-02 9.989855779739598152e-01 0.000000000000000000e+00 2.576609999999999734e-01 0.000000000000000000e+00 0.000000000000000000e+00 1.000000000000000000e+00 0.000000000000000000e+00
9.938500313222622395e-01 -1.107344356590954371e-01 0.000000000000000000e+00 -3.462070000000000203e+00 1.107344356590954371e-01 9.938500313222622395e-01 0.000000000000000000e+00 7.175000000000000266e-01 0.000000000000000000e+00 0.000000000000000000e+00 1.000000000000000000e+00 0.000000000000000000e+00
9.997505663893908601e-01 -2.233394286937000900e-02 0.000000000000000000e+00 -3.395430000000000170e+00 2.233394286937000900e-02 9.997505663893908601e-01 0.000000000000000000e+00 9.915260000000000185e-01 0.000000000000000000e+00 0.000000000000000000e+00 1.000000000000000000e+00 0.000000000000000000e+00
9.997998886570427235e-01 2.000456551302430205e-02 0.000000000000000000e+00 -3.533920000000000172e+00 -2.000456551302430205e-02 9.997998886570427235e-01 0.000000000000000000e+00 1.380279999999999951e+00 0.000000000000000000e+00 0.000000000000000000e+00 1.000000000000000000e+00 0.000000000000000000e+00
9.959147336434832631e-01 9.029863405295697476e-02 0.000000000000000000e+00 -3.350740000000000052e+00 -9.029863405295697476e-02 9.959147336434832631e-01 0.000000000000000000e+00 1.887059999999999960e+00 0.000000000000000000e+00 0.000000000000000000e+00 1.000000000000000000e+00 0.000000000000000000e+00
9.884932280468666788e-01 1.512651252122749757e-01 0.000000000000000000e+00 -3.306200000000000028e+00 -1.512651252122749757e-01 9.884932280468666788e-01 0.000000000000000000e+00 2.471709999999999852e+00 0.000000000000000000e+00 0.000000000000000000e+00 1.000000000000000000e+00 0.000000000000000000e+00
9.661816837487963161e-01 2.578622771720222584e-01 0.000000000000000000e+00 -3.352619999999999933e+00 -2.578622771720222584e-01 9.661816837487963161e-01 0.000000000000000000e+00 2.874410000000000132e+00 0.000000000000000000e+00 0.000000000000000000e+00 1.000000000000000000e+00 0.000000000000000000e+00
9.981122173040559709e-01 6.141662371362435757e-02 0.000000000000000000e+00 -3.258770000000000167e+00 -6.141662371362435757e-02 9.981122173040559709e-01 0.000000000000000000e+00 3.416139999999999954e+00 0.000000000000000000e+00 0.000000000000000000e+00 1.000000000000000000e+00 0.000000000000000000e+00
9.843740643221544628e-01 1.760900380199936777e-01 0.000000000000000000e+00 -3.223419999999999952e+00 -1.760900380199936777e-01 9.843740643221544628e-01 0.000000000000000000e+00 3.823379999999999779e+00 0.000000000000000000e+00 0.000000000000000000e+00 1.000000000000000000e+00 0.000000000000000000e+00
-3.185730030587491379e-01 9.478983287896072252e-01 0.000000000000000000e+00 -3.334999999999999964e+00 -9.478983287896072252e-01 -3.185730030587491379e-01 0.000000000000000000e+00 3.761369999999999880e+00 0.000000000000000000e+00 0.000000000000000000e+00 1.000000000000000000e+00 0.000000000000000000e+00
9.900217793322553250e-01 1.409144295230088662e-01 0.000000000000000000e+00 -3.353250000000000064e+00 -1.409144295230088662e-01 9.900217793322553250e-01 0.000000000000000000e+00 4.189610000000000056e+00 0.000000000000000000e+00 0.000000000000000000e+00 1.000000000000000000e+00 0.000000000000000000e+00
9.994674701779366899e-01 3.263090645561762815e-02 0.000000000000000000e+00 -3.281460000000000043e+00 -3.263090645561762815e-02 9.994674701779366899e-01 0.000000000000000000e+00 4.578759999999999941e+00 0.000000000000000000e+00 0.000000000000000000e+00 1.000000000000000000e+00 0.000000000000000000e+00
9.980947285612730147e-01 -6.170018491219178558e-02 0.000000000000000000e+00 -3.265039999999999942e+00 6.170018491219178558e-02 9.980947285612730147e-01 0.000000000000000000e+00 5.109029999999999738e+00 0.000000000000000000e+00 0.000000000000000000e+00 1.000000000000000000e+00 0.000000000000000000e+00
9.714427072534973506e-01 -2.372742432797876055e-01 0.000000000000000000e+00 -3.409699999999999953e+00 2.372742432797876055e-01 9.714427072534973506e-01 0.000000000000000000e+00 5.596930000000000405e+00 0.000000000000000000e+00 0.000000000000000000e+00 1.000000000000000000e+00 0.000000000000000000e+00
9.383242356969260234e-01 -3.457566032685125967e-01 0.000000000000000000e+00 -3.719090000000000007e+00 3.457566032685125967e-01 9.383242356969260234e-01 0.000000000000000000e+00 5.996870000000000367e+00 0.000000000000000000e+00 0.000000000000000000e+00 1.000000000000000000e+00 0.000000000000000000e+00
9.314047439452299848e-01 -3.639851685938872983e-01 0.000000000000000000e+00 -3.948319999999999830e+00 3.639851685938872983e-01 9.314047439452299848e-01 0.000000000000000000e+00 6.603600000000000136e+00 0.000000000000000000e+00 0.000000000000000000e+00 1.000000000000000000e+00 0.000000000000000000e+00
8.869916903033240319e-01 -4.617853844946286923e-01 0.000000000000000000e+00 -4.201920000000000321e+00 4.617853844946286923e-01 8.869916903033240319e-01 0.000000000000000000e+00 7.080630000000000202e+00 0.000000000000000000e+00 0.000000000000000000e+00 1.000000000000000000e+00 0.000000000000000000e+00
7.716023548691478551e-01 -6.361051846671158527e-01 0.000000000000000000e+00 -4.501879999999999882e+00 6.361051846671158527e-01 7.716023548691478551e-01 0.000000000000000000e+00 7.230610000000000426e+00 0.000000000000000000e+00 0.000000000000000000e+00 1.000000000000000000e+00 0.000000000000000000e+00
6.007830866157523042e-01 -7.994120857457994722e-01 0.000000000000000000e+00 -4.916730000000000267e+00 7.994120857457994722e-01 6.007830866157523042e-01 0.000000000000000000e+00 7.444679999999999964e+00 0.000000000000000000e+00 0.000000000000000000e+00 1.000000000000000000e+00 0.000000000000000000e+00
-3.671039524421088607e-01 9.301799224351071649e-01 0.000000000000000000e+00 -5.263399999999999856e+00 -9.301799224351071649e-01 -3.671039524421088607e-01 0.000000000000000000e+00 7.718140000000000001e+00 0.000000000000000000e+00 0.000000000000000000e+00 1.000000000000000000e+00 0.000000000000000000e+00
-2.222910377705006324e-01 9.749803559697568511e-01 0.000000000000000000e+00 -5.931869999999999976e+00 -9.749803559697568511e-01 -2.222910377705006324e-01 0.000000000000000000e+00 7.766469999999999985e+00 0.000000000000000000e+00 0.000000000000000000e+00 1.000000000000000000e+00 0.000000000000000000e+00
3.136118377298794530e-02 9.995081171017856647e-01 0.000000000000000000e+00 -6.359899999999999665e+00 -9.995081171017856647e-01 3.136118377298794530e-02 0.000000000000000000e+00 7.682660000000000267e+00 0.000000000000000000e+00 0.000000000000000000e+00 1.000000000000000000e+00 0.000000000000000000e+00
2.189871725820850268e-01 9.757277377652560091e-01 0.000000000000000000e+00 -6.848340000000000316e+00 -9.757277377652560091e-01 2.189871725820850268e-01 0.000000000000000000e+00 7.761840000000000295e+00 0.000000000000000000e+00 0.000000000000000000e+00 1.000000000000000000e+00 0.000000000000000000e+00
3.927466462323250806e-01 9.196467103585271863e-01 0.000000000000000000e+00 -7.166260000000000296e+00 -9.196467103585271863e-01 3.927466462323250806e-01 0.000000000000000000e+00 7.592459999999999987e+00 0.000000000000000000e+00 0.000000000000000000e+00 1.000000000000000000e+00 0.000000000000000000e+00
6.256030753236728748e-01 7.801415205881320203e-01 0.000000000000000000e+00 -7.597529999999999895e+00 -7.801415205881320203e-01 6.256030753236728748e-01 0.000000000000000000e+00 7.299680000000000391e+00 0.000000000000000000e+00 0.000000000000000000e+00 1.000000000000000000e+00 0.000000000000000000e+00
7.374265783769706761e-01 6.754273029003443618e-01 0.000000000000000000e+00 -7.904700000000000060e+00 -6.754273029003443618e-01 7.374265783769706761e-01 0.000000000000000000e+00 7.085910000000000153e+00 0.000000000000000000e+00 0.000000000000000000e+00 1.000000000000000000e+00 0.000000000000000000e+00
9.488525191628860433e-01 3.157196491798457960e-01 0.000000000000000000e+00 -8.107810000000000628e+00 -3.157196491798457960e-01 9.488525191628860433e-01 0.000000000000000000e+00 6.704970000000000319e+00 0.000000000000000000e+00 0.000000000000000000e+00 1.000000000000000000e+00 0.000000000000000000e+00
9.869791543477183238e-01 1.608482169098023884e-01 0.000000000000000000e+00 -8.262100000000000222e+00 -1.608482169098023884e-01 9.869791543477183238e-01 0.000000000000000000e+00 6.318439999999999834e+00 0.000000000000000000e+00 0.000000000000000000e+00 1.000000000000000000e+00 0.000000000000000000e+00
9.925373802851352734e-01 1.219407591280318864e-01 0.000000000000000000e+00 -8.203749999999999432e+00 -1.219407591280318864e-01 9.925373802851352734e-01 0.000000000000000000e+00 5.930530000000000079e+00 0.000000000000000000e+00 0.000000000000000000e+00 1.000000000000000000e+00 0.000000000000000000e+00
9.999325071499477469e-01 -1.161813861251418355e-02 0.000000000000000000e+00 -8.187239999999999185e+00 1.161813861251418355e-02 9.999325071499477469e-01 0.000000000000000000e+00 5.925839999999999996e+00 0.000000000000000000e+00 0.000000000000000000e+00 1.000000000000000000e+00 0.000000000000000000e+00
9.953269902174192163e-01 9.656180686344582875e-02 0.000000000000000000e+00 -8.185739999999999128e+00 -9.656180686344582875e-02 9.953269902174192163e-01 0.000000000000000000e+00 5.404980000000000118e+00 0.000000000000000000e+00 0.000000000000000000e+00 1.000000000000000000e+00 0.000000000000000000e+00
9.994287634112877239e-01 3.379566342275699270e-02 0.000000000000000000e+00 -8.268520000000000536e+00 -3.379566342275699270e-02 9.994287634112877239e-01 0.000000000000000000e+00 4.881560000000000343e+00 0.000000000000000000e+00 0.000000000000000000e+00 1.000000000000000000e+00 0.000000000000000000e+00
9.964408215274724867e-01 -8.429525012511505933e-02 0.000000000000000000e+00 -8.220179999999999154e+00 8.429525012511505933e-02 9.964408215274724867e-01 0.000000000000000000e+00 4.367320000000000313e+00 0.000000000000000000e+00 0.000000000000000000e+00 1.000000000000000000e+00 0.000000000000000000e+00
9.913720954461308077e-01 -1.310777188188280984e-01 0.000000000000000000e+00 -8.163840000000000430e+00 1.310777188188280984e-01 9.913720954461308077e-01 0.000000000000000000e+00 3.951659999999999950e+00 0.000000000000000000e+00 0.000000000000000000e+00 1.000000000000000000e+00 0.000000000000000000e+00
9.855620876262735086e-01 -1.693144159064475240e-01 0.000000000000000000e+00 -8.088060000000000471e+00 1.693144159064475240e-01 9.855620876262735086e-01 0.000000000000000000e+00 3.366530000000000022e+00 0.000000000000000000e+00 0.000000000000000000e+00 1.000000000000000000e+00 0.000000000000000000e+00
9.994388001915076591e-01 -3.349753232343492121e-02 0.000000000000000000e+00 -7.979000000000000092e+00 3.349753232343492121e-02 9.994388001915076591e-01 0.000000000000000000e+00 2.750719999999999832e+00 0.000000000000000000e+00 0.000000000000000000e+00 1.000000000000000000e+00 0.000000000000000000e+00
9.999022240669920292e-01 -1.398364422755411958e-02 0.000000000000000000e+00 -7.871319999999999872e+00 1.398364422755411958e-02 9.999022240669920292e-01 0.000000000000000000e+00 2.043649999999999967e+00 0.000000000000000000e+00 0.000000000000000000e+00 1.000000000000000000e+00 0.000000000000000000e+00
9.995522746161393801e-01 -2.992073377612794460e-02 0.000000000000000000e+00 -7.836070000000000313e+00 2.992073377612794460e-02 9.995522746161393801e-01 0.000000000000000000e+00 1.595239999999999991e+00 0.000000000000000000e+00 0.000000000000000000e+00 1.000000000000000000e+00 0.000000000000000000e+00
9.908179651731460202e-01 -1.352026622894182961e-01 0.000000000000000000e+00 -7.812389999999999723e+00 1.352026622894182961e-01 9.908179651731460202e-01 0.000000000000000000e+00 1.015840000000000076e+00 0.000000000000000000e+00 0.000000000000000000e+00 1.000000000000000000e+00 0.000000000000000000e+00
9.999515088399038021e-01 -9.847840819170530086e-03 0.000000000000000000e+00 -7.761809999999999654e+00 9.847840819170530086e-03 9.999515088399038021e-01 0.000000000000000000e+00 3.777510000000000034e-01 0.000000000000000000e+00 0.000000000000000000e+00 1.000000000000000000e+00 0.000000000000000000e+00
9.905188086758230925e-01 1.373771802717911328e-01 0.000000000000000000e+00 -7.702309999999999768e+00 -1.373771802717911328e-01 9.905188086758230925e-01 0.000000000000000000e+00 -7.438980000000000592e-02 0.000000000000000000e+00 0.000000000000000000e+00 1.000000000000000000e+00 0.000000000000000000e+00
9.843735360476107976e-01 1.760929911413942339e-01 0.000000000000000000e+00 -7.835370000000000168e+00 -1.760929911413942339e-01 9.843735360476107976e-01 0.000000000000000000e+00 -6.218360000000000554e-01 0.000000000000000000e+00 0.000000000000000000e+00 1.000000000000000000e+00 0.000000000000000000e+00
9.939977419463815744e-01 1.094005896030480901e-01 0.000000000000000000e+00 -7.885810000000000208e+00 -1.094005896030480901e-01 9.939977419463815744e-01 0.000000000000000000e+00 -1.052950000000000053e+00 0.000000000000000000e+00 0.000000000000000000e+00 1.000000000000000000e+00 0.000000000000000000e+00
9.960868192208639504e-01 8.838013676421847820e-02 0.000000000000000000e+00 -7.984119999999999884e+00 -8.838013676421847820e-02 9.960868192208639504e-01 0.000000000000000000e+00 -1.682029999999999914e+00 0.000000000000000000e+00 0.000000000000000000e+00 1.000000000000000000e+00 0.000000000000000000e+00
9.968925315592772618e-01 -7.877360294753117664e-02 0.000000000000000000e+00 -8.258190000000000808e+00 7.877360294753117664e-02 9.968925315592772618e-01 0.000000000000000000e+00 -2.203920000000000101e+00 0.000000000000000000e+00 0.000000000000000000e+00 1.000000000000000000e+00 0.000000000000000000e+00
9.998031400876649100e-01 1.984139790551658206e-02 0.000000000000000000e+00 -8.222580000000000666e+00 -1.984139790551658206e-02 9.998031400876649100e-01 0.000000000000000000e+00 -2.755040000000000155e+00 0.000000000000000000e+00 0.000000000000000000e+00 1.000000000000000000e+00 0.000000000000000000e+00
9.711176844034418165e-01 2.386010122335970318e-01 0.000000000000000000e+00 -8.225179999999999936e+00 -2.386010122335970318e-01 9.711176844034418165e-01 0.000000000000000000e+00 -3.309180000000000010e+00 0.000000000000000000e+00 0.000000000000000000e+00 1.000000000000000000e+00 0.000000000000000000e+00
9.866409891182359448e-01 1.629096638993186019e-01 0.000000000000000000e+00 -8.395500000000000185e+00 -1.629096638993186019e-01 9.866409891182359448e-01 0.000000000000000000e+00 -3.996249999999999858e+00 0.000000000000000000e+00 0.000000000000000000e+00 1.000000000000000000e+00 0.000000000000000000e+00
9.876511803409014911e-01 1.566689055659230279e-01 0.000000000000000000e+00 -8.315419999999999590e+00 -1.566689055659230279e-01 9.876511803409014911e-01 0.000000000000000000e+00 -4.448070000000000412e+00 0.000000000000000000e+00 0.000000000000000000e+00 1.000000000000000000e+00 0.000000000000000000e+00
9.985720650920338892e-01 5.342125810790065293e-02 0.000000000000000000e+00 -8.421379999999999200e+00 -5.342125810790065293e-02 9.985720650920338892e-01 0.000000000000000000e+00 -4.444250000000000256e+00 0.000000000000000000e+00 0.000000000000000000e+00 1.000000000000000000e+00 0.000000000000000000e+00
9.999731919346883657e-01 7.322254567472127711e-03 0.000000000000000000e+00 -8.368019999999999570e+00 -7.322254567472127711e-03 9.999731919346883657e-01 0.000000000000000000e+00 -4.925510000000000055e+00 0.000000000000000000e+00 0.000000000000000000e+00 1.000000000000000000e+00 0.000000000000000000e+00
9.950015692728818584e-01 -9.985928672137878159e-02 0.000000000000000000e+00 -8.153090000000000614e+00 9.985928672137878159e-02 9.950015692728818584e-01 0.000000000000000000e+00 -5.279149999999999565e+00 0.000000000000000000e+00 0.000000000000000000e+00 1.000000000000000000e+00 0.000000000000000000e+00
9.623129666665126702e-01 -2.719443953926892199e-01 0.000000000000000000e+00 -7.947849999999999859e+00 2.719443953926892199e-01 9.623129666665126702e-01 0.000000000000000000e+00 -5.677019999999999733e+00 0.000000000000000000e+00 0.000000000000000000e+00 1.000000000000000000e+00 0.000000000000000000e+00
8.833651621152337485e-01 -4.686853852651337027e-01 0.000000000000000000e+00 -7.803659999999999819e+00 4.686853852651337027e-01 8.833651621152337485e-01 0.000000000000000000e+00 -6.139719999999999622e+00 0.000000000000000000e+00 0.000000000000000000e+00 1.000000000000000000e+00 0.000000000000000000e+00
7.969067196917274387e-01 -6.041023755210457313e-01 0.000000000000000000e+00 -7.501170000000000115e+00 6.041023755210457313e-01 7.969067196917274387e-01 0.000000000000000000e+00 -6.305019999999999847e+00 0.000000000000000000e+00 0.000000000000000000e+00 1.000000000000000000e+00 0.000000000000000000e+00
7.052369642011062645e-01 -7.089716667994621080e-01 0.000000000000000000e+00 -7.218689999999999607e+00 7.089716667994621080e-01 7.052369642011062645e-01 0.000000000000000000e+00 -6.521020000000000039e+00 0.000000000000000000e+00 0.000000000000000000e+00 1.000000000000000000e+00 0.000000000000000000e+00
5.223345176666865930e-01 -8.527406708102469590e-01 0.000000000000000000e+00 -7.020290000000000141e+00 8.527406708102469590e-01 5.223345176666865930e-01 0.000000000000000000e+00 -6.703719999999999679e+00 0.000000000000000000e+00 0.000000000000000000e+00 1.000000000000000000e+00 0.000000000000000000e+00
3.073017965908101390e-01 -9.516121089036542191e-01 0.000000000000000000e+00 -6.603100000000000414e+00 9.516121089036542191e-01 3.073017965908101390e-01 0.000000000000000000e+00 -6.797100000000000364e+00 0.000000000000000000e+00 0.000000000000000000e+00 1.000000000000000000e+00 0.000000000000000000e+00
9.553042405339086385e-02 -9.954265106376157801e-01 0.000000000000000000e+00 -6.202180000000000248e+00 9.954265106376157801e-01 9.553042405339086385e-02 0.000000000000000000e+00 -6.532899999999999707e+00 0.000000000000000000e+00 0.000000000000000000e+00 1.000000000000000000e+00 0.000000000000000000e+00
-3.223808644907424220e-02 9.994802178042855312e-01 0.000000000000000000e+00 -5.658789999999999765e+00 -9.994802178042855312e-01 -3.223808644907424220e-02 0.000000000000000000e+00 -6.142549999999999955e+00 0.000000000000000000e+00 0.000000000000000000e+00 1.000000000000000000e+00 0.000000000000000000e+00
2.964198426977871989e-02 9.995605798392362962e-01 0.000000000000000000e+00 -5.211219999999999963e+00 -9.995605798392362962e-01 2.964198426977871989e-02 0.000000000000000000e+00 -6.052270000000000039e+00 0.000000000000000000e+00 0.000000000000000000e+00 1.000000000000000000e+00 0.000000000000000000e+00
6.360336515810677271e-02 9.979752561765068419e-01 0.000000000000000000e+00 -4.692580000000000418e+00 -9.979752561765068419e-01 6.360336515810677271e-02 0.000000000000000000e+00 -5.970329999999999693e+00 0.000000000000000000e+00 0.000000000000000000e+00 1.000000000000000000e+00 0.000000000000000000e+00
2.080161719890039618e-01 9.781253867429477999e-01 0.000000000000000000e+00 -4.199189999999999756e+00 -9.781253867429477999e-01 2.080161719890039618e-01 0.000000000000000000e+00 -5.868219999999999992e+00 0.000000000000000000e+00 0.000000000000000000e+00 1.000000000000000000e+00 0.000000000000000000e+00
4.459329601402662324e-01 8.950663634952101821e-01 0.000000000000000000e+00 -4.074040000000000106e+00 -8.950663634952101821e-01 4.459329601402662324e-01 0.000000000000000000e+00 -5.720600000000000129e+00 0.000000000000000000e+00 0.000000000000000000e+00 1.000000000000000000e+00 0.000000000000000000e+00
6.275584792352064678e-01 7.785694285932339698e-01 0.000000000000000000e+00 -3.833180000000000032e+00 -7.785694285932339698e-01 6.275584792352064678e-01 0.000000000000000000e+00 -5.506899999999999906e+00 0.000000000000000000e+00 0.000000000000000000e+00 1.000000000000000000e+00 0.000000000000000000e+00
7.862196239974315048e-01 6.179471683253653369e-01 0.000000000000000000e+00 -3.611709999999999976e+00 -6.179471683253653369e-01 7.862196239974315048e-01 0.000000000000000000e+00 -5.013630000000000031e+00 0.000000000000000000e+00 0.000000000000000000e+00 1.000000000000000000e+00 0.000000000000000000e+00
8.441524921867511466e-01 5.361031336738268926e-01 0.000000000000000000e+00 -3.228159999999999918e+00 -5.361031336738268926e-01 8.441524921867511466e-01 0.000000000000000000e+00 -4.570210000000000328e+00 0.000000000000000000e+00 0.000000000000000000e+00 1.000000000000000000e+00 0.000000000000000000e+00
9.102723108894685833e-01 4.140100482209903010e-01 0.000000000000000000e+00 -3.027590000000000003e+00 -4.140100482209903010e-01 9.102723108894685833e-01 0.000000000000000000e+00 -4.414869999999999628e+00 0.000000000000000000e+00 0.000000000000000000e+00 1.000000000000000000e+00 0.000000000000000000e+00
-9.536658066041757698e-01 -3.008679599326037901e-01 0.000000000000000000e+00 -2.994330000000000158e+00 3.008679599326037901e-01 -9.536658066041757698e-01 0.000000000000000000e+00 -3.871230000000000171e+00 0.000000000000000000e+00 0.000000000000000000e+00 1.000000000000000000e+00 0.000000000000000000e+00
