1,9.043683E-12,2.326809E-11,1.110223E-16,9.04E-12,1.00E+00,2.39237E-10,2.220446E-16,2.32681E-11,2.39E-10,0.9999999,-2.220446E-16
0.9990498,-0.00164978,0.04355194,0.05154656,0.001760423,0.9999953,-0.002502237,-0.02424883,-0.0435476,0.002576529,0.999048,1.000725
0.9960495,-0.005367949,0.08863831,0.1464632,0.006010224,0.9999575,-0.006980718,-0.05051622,-0.08859707,0.007485875,0.9960394,1.995659
0.9909271,-0.005886878,0.1342721,0.2879204,0.007448178,0.9999103,-0.01112852,-0.07903059,-0.1341946,0.01202763,0.990882,2.986691
0.9836222,-0.003565066,0.1802072,0.4657503,0.006172884,0.9998841,-0.0139125,-0.1102928,-0.1801368,0.01479704,0.9835302,3.963845
0.9740479,-0.006173619,0.2262579,0.6971645,0.009486835,0.999863,-0.01355912,-0.143877,-0.2261432,0.0153537,0.973973,4.934639
0.9624212,-0.007368625,0.2714613,0.9715689,0.01164015,0.9998324,-0.01412847,-0.1802237,-0.2713117,0.01675739,0.9623456,5.887651
0.9488374,-0.009693544,0.3156164,1.288079,0.01587616,0.999729,-0.01702376,-0.2184877,-0.3153658,0.02116355,0.9487341,6.826202
0.9336202,-0.01263857,0.3580415,1.651331,0.02080461,0.9996037,-0.01896441,-0.254729,-0.3576599,0.02515446,0.933513,7.743952
0.9161945,-0.01228394,0.4005456,2.050498,0.02177648,0.9995793,-0.01915567,-0.2919528,-0.4001417,0.02627278,0.9160765,8.64624
0.8965559,-0.01307765,0.4427376,2.488685,0.0234179,0.9995655,-0.01789659,-0.3309237,-0.4423112,0.02641328,0.8964725,9.527392
0.8745113,-0.01351429,0.4848168,2.966292,0.02447754,0.9995676,-0.01628953,-0.3697385,-0.484387,0.02611249,0.874464,10.38417
0.8503691,-0.01348162,0.5260139,3.483068,0.02517723,0.9995692,-0.01508348,-0.4086031,-0.5255839,0.0260701,0.8503422,11.2156
0.8245429,-0.014011,0.565626,4.03669,0.0269639,0.9995305,-0.01454755,-0.4439735,-0.5651566,0.02724656,0.8245336,12.01878
0.7970302,-0.01619333,0.6037224,4.631439,0.03126104,0.9994066,-0.01446406,-0.4790227,-0.6031299,0.03040128,0.7970634,12.79006
0.7681511,-0.01510445,0.6400904,5.252124,0.03186802,0.9993845,-0.0146609,-0.5136186,-0.639475,0.0316602,0.7681597,13.53058
0.737423,-0.01831697,0.6751828,5.913461,0.03718619,0.9992171,-0.01350645,-0.5462713,-0.6744067,0.03506743,0.7375268,14.23731
0.7051666,-0.01811309,0.7088103,6.602643,0.03829943,0.9991872,-0.01256911,-0.5777429,-0.7080065,0.03601033,0.7052871,14.91216
0.6706801,-0.01682164,0.741556,7.315983,0.03848398,0.9991854,-0.01214001,-0.6091556,-0.7407478,0.03668008,0.6707811,15.55483
0.6350649,-0.01784306,0.7722528,8.059654,0.04358563,0.9989682,-0.01276143,-0.636292,-0.7712282,0.04176345,0.6351872,16.155
0.5983915,-0.01631634,0.8010377,8.824947,0.04435618,0.9989339,-0.01278768,-0.6652783,-0.7999751,0.04318299,0.5984773,16.72174
0.5606382,-0.01560419,0.8279139,9.617499,0.04722424,0.9987977,-0.01315388,-0.6938755,-0.8267132,0.04647216,0.560701,17.24835
0.5217303,-0.01415459,0.8529931,10.43572,0.05299064,0.9984693,-0.01584291,-0.7209802,-0.8514631,0.05346636,0.5216817,17.73582
0.4824023,-0.01314333,0.8758512,11.27339,0.05466343,0.9983902,-0.01512539,-0.7448949,-0.8742425,0.05517354,0.4823441,18.18861
0.443752,-0.0148349,0.8960269,12.13844,0.05962892,0.9981359,-0.01300543,-0.7707228,-0.8941636,0.05920028,0.4438094,18.60541
0.4063321,-0.01567329,0.9135911,13.02386,0.06333168,0.9979314,-0.01104743,-0.7968987,-0.911528,0.06234817,0.4064841,18.98486
0.3705969,-0.01336462,0.9286977,13.92282,0.06549873,0.9977831,-0.01177846,-0.8194983,-0.9264814,0.06519356,0.3706506,19.33529
0.3367104,-0.01369924,0.9415086,14.84567,0.0669577,0.9977112,-0.009428981,-0.8398217,-0.9392245,0.06621607,0.336857,19.65558
0.3032101,-0.01606372,0.9527884,15.78819,0.06893784,0.9976078,-0.005119036,-0.859011,-0.9504268,0.0672353,0.3035921,19.94858
0.2700383,-0.01584084,0.9627193,16.74609,0.06970552,0.9975627,-0.003137907,-0.8779579,-0.9603231,0.06795419,0.2704843,20.20959
0.2373841,-0.0130104,0.9713288,17.71096,0.0675245,0.9977127,-0.003138591,-0.8926428,-0.9690661,0.06633352,0.2377196,20.4429
0.2058013,-0.01089049,0.9785332,18.69074,0.06752573,0.9977127,-0.003097801,-0.9066816,-0.9762612,0.06671368,0.206066,20.64544
0.174876,-0.01056614,0.9845338,19.69166,0.06930053,0.9975945,-0.001603074,-0.9204752,-0.9821485,0.06850903,0.1751876,20.81649
0.1440159,-0.0109526,0.9895148,20.70872,0.07093837,0.9974804,0.000716251,-0.9323174,-0.9870294,0.0700914,0.14443,20.9589
0.113228,-0.01188899,0.9934979,21.74157,0.06960632,0.9975665,0.004004714,-0.9423525,-0.9911278,0.06870027,0.11378,21.0745
0.08347506,-0.01182121,0.9964398,22.79076,0.07016375,0.9975177,0.005956143,-0.948405,-0.9940367,0.06941674,0.08409726,21.16118
0.05575869,-0.01119487,0.9983815,23.85365,0.07276066,0.997324,0.007119389,-0.951047,-0.9957895,0.07224591,0.05642402,21.21468
0.03022405,-0.01055359,0.9994875,24.93112,0.07695768,0.9970006,0.008200162,-0.9519265,-0.9965761,0.07667038,0.03094558,21.24069
0.007200764,-0.01011089,0.999923,26.02348,0.0812525,0.9966483,0.009492647,-0.9509506,-0.9966675,0.08117787,0.007998165,21.24027
-0.0135878,-0.009968577,0.999858,27.12723,0.08719664,0.9961291,0.01111637,-0.9489508,-0.9960984,0.08733528,-0.01266597,21.21564
-0.03162964,-0.01065186,0.9994429,28.24249,0.09165357,0.9956992,0.01351254,-0.9456288,-0.9952885,0.09202989,-0.03051732,21.16969
-0.04749041,-0.01030237,0.9988186,29.37022,0.09488928,0.9953781,0.01477854,-0.9414386,-0.9943544,0.095479,-0.04629333,21.10741
-0.06213432,-0.01086217,0.9980087,30.50291,0.09737473,0.9951044,0.01689294,-0.9363594,-0.9933063,0.09823044,-0.06077243,21.0296
-0.07560868,-0.01193509,0.9970662,31.64196,0.09751631,0.9950466,0.01930569,-0.9296868,-0.9923577,0.09868987,-0.07407029,20.93984
-0.08805539,-0.01198809,0.9960435,32.78682,0.09729037,0.9950433,0.02057702,-0.9216773,-0.991353,0.09871733,-0.08645259,20.83696
-0.09947788,-0.009193596,0.9949973,33.94232,0.09735338,0.9950699,0.01892746,-0.9117462,-0.9902658,0.0987492,-0.0980924,20.71859
-0.1097967,-0.005360682,0.9939396,35.11473,0.09798071,0.9950566,0.01619026,-0.9007201,-0.9891129,0.09916453,-0.1087287,20.58533
-0.1194554,-0.002512059,0.9928364,36.30912,0.09905114,0.9949776,0.01443504,-0.8891584,-0.9878862,0.1000659,-0.1186066,20.43698
-0.1270885,-0.00127867,0.9918906,37.5268,0.09888957,0.9950006,0.01395315,-0.8781568,-0.9869495,0.0998609,-0.1263266,20.2789
-0.1329871,-0.0007149781,0.9911175,38.76733,0.09839198,0.9950504,0.01391994,-0.8670199,-0.9862218,0.09936917,-0.1322585,20.11085
-0.1381591,0.0008940047,0.9904097,40.02403,0.09941083,0.9949619,0.01296938,-0.8564479,-0.9854083,0.1002493,-0.1375519,19.93253
-0.1426852,0.002815813,0.9897642,41.3055,0.0986917,0.9950528,0.01139661,-0.8460362,-0.9848354,0.09930761,-0.1422571,19.74648
-0.1468253,0.003917606,0.9891547,42.60679,0.09897322,0.995032,0.01075021,-0.837548,-0.9841984,0.0994782,-0.1464836,19.55065
-0.1499193,0.003009372,0.9886937,43.93278,0.09873932,0.9950416,0.01194351,-0.8295496,-0.9837554,0.09941348,-0.1494731,19.34786
-0.15223,0.0005817954,0.988345,45.28137,0.09933371,0.9949454,0.0147142,-0.8187903,-0.9833406,0.1004159,-0.1515183,19.13753
-0.1545076,-0.0003897853,0.9879916,46.6485,0.09937378,0.9949226,0.01593314,-0.8059921,-0.9829813,0.1006422,-0.1536843,18.92231
-0.1565155,0.0003425744,0.9876755,48.03559,0.1016061,0.9946999,0.01575634,-0.790753,-0.9824353,0.1028199,-0.1557207,18.69944
-0.1575241,0.0008739825,0.9875148,49.44201,0.1013351,0.9947349,0.01528416,-0.776593,-0.982302,0.1024775,-0.1567833,18.47318
-0.1580662,0.001736308,0.987427,50.87125,0.103393,0.9945304,0.01480223,-0.7612088,-0.9820004,0.1044328,-0.1573812,18.23994
-0.1581475,0.002246276,0.987413,52.31634,0.1029209,0.9945878,0.01422156,-0.7488661,-0.982037,0.1038745,-0.1575227,18.00571
-0.1576227,0.003491308,0.9874933,53.78414,0.102974,0.9946001,0.01292016,-0.7385593,-0.9821158,0.1037226,-0.157131,17.76822
-0.1564353,0.003535458,0.9876819,55.27561,0.1033158,0.9945662,0.01280369,-0.7282464,-0.9822697,0.104046,-0.1559505,17.52865
-0.1549453,0.002303011,0.9879204,56.7869,0.1024081,0.9946475,0.01374297,-0.7193216,-0.9826009,0.1033004,-0.1543518,17.28947
-0.1538084,0.003054216,0.988096,58.3197,0.1033843,0.9945563,0.01301875,-0.7090229,-0.9826773,0.104156,-0.1532869,17.04698
-0.1525997,0.003933834,0.9882803,59.87004,0.1033114,0.9945767,0.01199334,-0.6982294,-0.9828733,0.1039308,-0.1521785,16.80555
-0.1516316,0.004600354,0.9884264,61.44932,0.1043179,0.9944789,0.01137458,-0.6898538,-0.9829169,0.1048353,-0.1512744,16.56009
-0.1505876,0.004530984,0.9885863,63.04564,0.1038798,0.994526,0.0112654,-0.682234,-0.9831237,0.1043906,-0.1502339,16.31483
-0.1496365,0.002801779,0.9887371,64.66146,0.1056381,0.9943174,0.01316978,-0.6742945,-0.9830816,0.106419,-0.1490821,16.06555
-0.1489502,0.001053388,0.9888442,66.29273,0.106919,0.9941539,0.01504623,-0.665932,-0.9830473,0.1079674,-0.1481921,15.81429
-0.1481741,0.001587223,0.98896,67.93358,0.1084503,0.9939938,0.01465361,-0.6566595,-0.9829969,0.1094243,-0.1474563,15.56429
-0.1471094,0.003907489,0.9891125,69.59146,0.1108431,0.9937585,0.0125597,-0.6495479,-0.9828899,0.111484,-0.1466243,15.31065
-0.146465,0.003603548,0.9892093,71.26348,0.1101154,0.9938379,0.01268356,-0.6455501,-0.9830679,0.1107848,-0.1459592,15.06048
-0.1462604,0.00323325,0.9892409,72.94957,0.1105105,0.9937887,0.01309099,-0.6411509,-0.983054,0.1112362,-0.1457092,14.80708
-0.1460361,0.001690015,0.9892778,74.65679,0.1098325,0.9938441,0.01451553,-0.6351425,-0.9831634,0.1107746,-0.1453227,14.55382
-0.1456358,0.001966691,0.9893363,76.37583,0.1116862,0.9936382,0.01446557,-0.6266393,-0.9830139,0.1126019,-0.1449289,14.29583
-0.1456204,0.002152571,0.9893382,78.11207,0.1123679,0.9935626,0.01437762,-0.6192733,-0.9829385,0.1132635,-0.1449248,14.03765
-0.1456043,0.003177492,0.9893378,79.86417,0.1128566,0.9935207,0.01341856,-0.6121849,-0.9828849,0.1136071,-0.1450194,13.77611
-0.1459369,0.003866772,0.9892864,81.62656,0.1123299,0.9935899,0.01268701,-0.6069533,-0.9828959,0.1129779,-0.1454358,13.51471
-0.1470604,0.004142622,0.9891189,83.40315,0.1112117,0.9937197,0.01237285,-0.6037449,-0.9828556,0.1118211,-0.1465975,13.2493
-0.1482341,0.004952492,0.9889399,85.19377,0.1106078,0.9937964,0.0116024,-0.601808,-0.9827474,0.1111043,-0.1478623,12.98
-0.1492423,0.004338053,0.9887912,87.00538,0.1094671,0.993916,0.01216177,-0.5994816,-0.9827226,0.1100551,-0.1488091,12.70711
-0.1502286,0.003835819,0.9886439,88.82747,0.1096199,0.9938911,0.01280101,-0.5948763,-0.9825552,0.1102981,-0.1497313,12.42843
-0.1506723,0.002811838,0.9885798,90.66661,0.1070118,0.9941663,0.01348224,-0.5892579,-0.9827748,0.1078211,-0.1500942,12.14861
-0.1520677,0.003896026,0.9883624,92.51613,0.106806,0.9942011,0.01251394,-0.5822604,-0.9825822,0.107466,-0.151602,11.86127
-0.154686,0.005230309,0.9879499,94.38417,0.1057142,0.9943325,0.01128785,-0.576158,-0.9822915,0.1061864,-0.1543622,11.56935
-0.1584947,0.005190445,0.9873462,96.26377,0.1064537,0.9942469,0.01186186,-0.5690865,-0.9816043,0.1069867,-0.1581354,11.26751
-0.1632049,0.004743,0.9865808,98.15387,0.1041819,0.9944803,0.01245328,-0.5670654,-0.981076,0.1048163,-0.1627982,10.95901
-0.1680724,0.003613141,0.9857681,100.0527,0.1019229,0.9946975,0.01373188,-0.5652429,-0.9804914,0.1027803,-0.1675495,10.63988
-0.1727782,0.0048752,0.9849487,101.9553,0.1009596,0.9948083,0.01278618,-0.5641477,-0.9797728,0.1016492,-0.1723734,10.30991
-0.1774521,0.006239531,0.9841097,103.8698,0.1014658,0.9947668,0.01198894,-0.5624452,-0.9788848,0.1019809,-0.1771565,9.966128
-0.1820546,0.007979443,0.9832561,105.791,0.1011783,0.9948112,0.01066042,-0.5643553,-0.978069,0.1014249,-0.1819173,9.611618
-0.1868758,0.008786952,0.9823443,107.7248,0.1001207,0.9949235,0.01014694,-0.5687973,-0.9772682,0.1002492,-0.1868069,9.246382
-0.1918873,0.007633132,0.9813873,109.6683,0.09794174,0.9951267,0.01141021,-0.5717942,-0.9765176,0.09830823,-0.1916997,8.871585
-0.1972643,0.007480826,0.9803218,111.6206,0.09606302,0.9953061,0.01173501,-0.5733449,-0.9756324,0.09648755,-0.197057,8.486629
-0.2028929,0.006576712,0.9791789,113.5815,0.09508165,0.9953844,0.01301604,-0.5728043,-0.9745737,0.09574279,-0.2025817,8.086921
-0.2084031,0.006469213,0.9780216,115.5478,0.09502287,0.9953813,0.01366404,-0.570538,-0.973416,0.09578203,-0.2080553,7.674193
-0.213845,0.007858298,0.976836,117.5182,0.09558616,0.9953373,0.0129182,-0.5680584,-0.9721798,0.09613447,-0.2135991,7.246929
-0.2195383,0.008856306,0.9755637,119.4963,0.09521901,0.9953792,0.01239164,-0.5658779,-0.970946,0.09561263,-0.2193671,6.808278
-0.2254576,0.008853206,0.9742128,121.4861,0.09566882,0.9953271,0.01309511,-0.5645652,-0.9695444,0.09615416,-0.225251,6.351224
-0.2310452,0.009190854,0.9728996,123.4817,0.0947262,0.9954172,0.01309209,-0.5636678,-0.9683207,0.09518392,-0.230857,5.883248
-0.2362092,0.009550857,0.9716553,125.4794,0.09420289,0.9954666,0.01311579,-0.5607338,-0.9671251,0.09463079,-0.2360381,5.403529
-0.2414041,0.009719218,0.970376,127.4889,0.0929489,0.995584,0.01315154,-0.5591517,-0.965963,0.0933702,-0.2412414,4.911013
-0.2458159,0.009821942,0.9692668,129.5004,0.09457506,0.9954207,0.01389822,-0.5556139,-0.9646917,0.09508485,-0.2456191,4.402279
-0.249701,0.008595703,0.9682849,131.5233,0.09625855,0.9952279,0.01598823,-0.5494115,-0.9635267,0.09719796,-0.2493368,3.880107
-0.2532929,0.009879226,0.9673392,133.5486,0.09768544,0.9950979,0.01541572,-0.5427542,-0.9624449,0.09839963,-0.2530163,3.348158
-0.2563419,0.0103314,0.966531,135.5837,0.09797856,0.9950701,0.01534925,-0.5360354,-0.9616075,0.09863395,-0.2560904,2.806947
-0.2597614,0.01013191,0.9656197,137.625,0.09708426,0.9951527,0.01567485,-0.5295973,-0.9607802,0.09781817,-0.2594859,2.257989
-0.2637027,0.01035061,0.9645485,139.6797,0.09579549,0.9952802,0.0155096,-0.5224538,-0.9598354,0.0964893,-0.2634496,1.699296
-0.2681714,0.0112592,0.9633055,141.7304,0.09446872,0.9954198,0.01466427,-0.5179993,-0.9587282,0.09493475,-0.2680067,1.132152
-0.2726489,0.01108767,0.9620497,143.7927,0.09357615,0.9954984,0.01504669,-0.5127373,-0.9575521,0.09412736,-0.272459,0.5515872
-0.2772301,0.01132109,0.9607369,145.8618,0.09373713,0.9954791,0.01531828,-0.5061993,-0.95622,0.09430339,-0.2770379,-0.0413721
-0.2817308,0.01185782,0.9594203,147.9305,0.09322617,0.9955309,0.01507145,-0.5006247,-0.9549537,0.09368914,-0.2815771,-0.6449311
-0.2862852,0.01239653,0.9580643,150.0068,0.09286516,0.9955677,0.01486782,-0.4959689,-0.9536335,0.09322721,-0.2861674,-1.261108
-0.2904967,0.01139404,0.9568082,152.0968,0.09253122,0.9955774,0.01623769,-0.4898301,-0.9523915,0.09325161,-0.2902662,-1.892338
-0.2947361,0.01147144,0.9555099,154.1812,0.09310741,0.9955148,0.01676813,-0.4829921,-0.9510318,0.0939072,-0.2944822,-2.533182
-0.298666,0.01208825,0.9542812,156.2753,0.09410159,0.9954201,0.01684205,-0.4753909,-0.949707,0.0948295,-0.2984357,-3.187653
-0.3022573,0.01327702,0.9531339,158.3734,0.09424427,0.9954202,0.01602063,-0.467684,-0.948556,0.09466974,-0.3021243,-3.851462
-0.3058439,0.01542536,0.9519567,160.4737,0.09475529,0.9953977,0.01431362,-0.4608735,-0.9473547,0.09458065,-0.3058979,-4.525316
-0.3092558,0.01602772,0.9508438,162.5875,0.09539849,0.9953371,0.01425001,-0.4555311,-0.9461818,0.09511594,-0.3093428,-5.211974
-0.3126266,0.01689296,0.9497259,164.7037,0.09518253,0.9953665,0.01362698,-0.4525483,-0.9450952,0.09465745,-0.3127859,-5.908582
-0.3161339,0.01703662,0.9485616,166.8257,0.09503047,0.9953788,0.013794,-0.4495307,-0.943943,0.09450299,-0.316292,-6.614701
-0.3201365,0.01695749,0.9472197,168.9537,0.09501387,0.9953733,0.01429274,-0.4456125,-0.9425948,0.09457461,-0.3202665,-7.331463
-0.3239253,0.01718208,0.9459266,171.0871,0.09640571,0.99523,0.01493575,-0.4416744,-0.9411579,0.09603078,-0.3240366,-8.063072
-0.3271325,0.01815461,0.9448041,173.2245,0.09878847,0.9949941,0.01508585,-0.4365523,-0.9398006,0.0982708,-0.3272883,-8.806086
-0.3298961,0.0176824,0.9438517,175.3665,0.09945702,0.9949112,0.01612335,-0.4294089,-0.9387634,0.09919169,-0.3299759,-9.557829
-0.332587,0.01703682,0.9429187,177.5169,0.09930238,0.9949112,0.01704978,-0.420933,-0.9378299,0.09930458,-0.3325864,-10.31827
-0.3353595,0.01698544,0.9419371,179.6714,0.09814417,0.995027,0.01699965,-0.4118277,-0.9369641,0.09814661,-0.3353588,-11.0856
-0.3383518,0.01880925,0.9408317,181.8303,0.09724016,0.9951467,0.01507538,-0.4043634,-0.935982,0.09658739,-0.3385386,-11.86225
-0.3416162,0.02028947,0.9396206,183.9969,0.09708227,0.9951806,0.01380682,-0.3985802,-0.9348119,0.09593711,-0.3419395,-12.64986
-0.3448185,0.02159976,0.9384208,186.1699,0.09545937,0.995359,0.0121658,-0.3990509,-0.9338028,0.09377604,-0.3452801,-13.44797
-0.3481357,0.02308833,0.9371598,188.344,0.09427365,0.995491,0.01049532,-0.4000549,-0.9326918,0.09200325,-0.3487425,-14.25545
-0.3519011,0.02312204,0.9357516,190.5195,0.09504064,0.995411,0.01114501,-0.4013833,-0.9311997,0.09285635,-0.3524837,-15.07493
-0.3555047,0.0219299,0.9344172,192.7087,0.09415617,0.9954795,0.01245931,-0.4038655,-0.9299198,0.09241047,-0.3559625,-15.90879
-0.3592385,0.02119195,0.9330052,194.901,0.09384472,0.995495,0.01352206,-0.4035663,-0.9285154,0.09241523,-0.3596089,-16.75316
-0.3631389,0.02128419,0.9314919,197.093,0.09410306,0.9954648,0.01393979,-0.4021162,-0.9269707,0.09271829,-0.3634949,-17.60738
-0.366602,0.0214333,0.930131,199.2958,0.09312059,0.9955597,0.01376156,-0.4006638,-0.9257059,0.09165934,-0.36697,-18.47484
-0.370349,0.02201051,0.9286319,201.4804,0.09212319,0.9956609,0.01314053,-0.4011965,-0.9243132,0.0904151,-0.3707697,-19.34449
-0.3735992,0.02206369,0.9273278,203.6882,0.09207681,0.9956616,0.0134061,-0.4030819,-0.9230089,0.09039387,-0.37401,-20.23459
-0.3763962,0.02270051,0.9261807,205.877,0.09308605,0.9955675,0.01342863,-0.4061955,-0.9217705,0.09126896,-0.3768409,-21.12723
-0.3789168,0.02285844,0.9251484,208.0748,0.09433619,0.9954413,0.01404241,-0.408323,-0.92061,0.09259586,-0.3793458,-22.03665
-0.3816064,0.02250176,0.924051,210.2746,0.09526666,0.9953372,0.01510471,-0.4072563,-0.9194024,0.09379529,-0.3819707,-22.95396
-0.3840978,0.02314782,0.9230022,212.4744,0.09628035,0.9952396,0.0151066,-0.4051777,-0.9182586,0.09466937,-0.384498,-23.87896
-0.3866127,0.02432739,0.9219213,214.6697,0.09675317,0.9952055,0.01431277,-0.4036944,-0.9171529,0.09473228,-0.3871128,-24.80688
-0.3893716,0.02450055,0.9207549,216.8716,0.09604304,0.9952768,0.01413145,-0.4053455,-0.9160597,0.09393446,-0.3898856,-25.7452
-0.3920958,0.02535895,0.9195748,219.0854,0.09548806,0.9953421,0.01326659,-0.4089666,-0.9149551,0.09301017,-0.3926909,-26.69513
-0.3949738,0.02652036,0.9183096,221.2752,0.0954871,0.9953543,0.01232452,-0.4145729,-0.9137165,0.09255456,-0.3956712,-27.6423
-0.39743,0.0265492,0.9172484,223.4748,0.09359537,0.9955411,0.01173812,-0.4227878,-0.9128468,0.09051527,-0.3981427,-28.5989
-0.4003449,0.02717994,0.9159614,225.6743,0.09384581,0.9955206,0.011477,-0.432373,-0.9115464,0.09055388,-0.4011023,-29.5663
-0.4029066,0.02696929,0.9148437,227.8686,0.09567667,0.9953302,0.01279497,-0.4418329,-0.9102265,0.09268435,-0.4036054,-30.54211
-0.4054481,0.02628911,0.91374,230.0656,0.0957556,0.9953085,0.01385312,-0.4485622,-0.9090889,0.09311242,-0.4060633,-31.5245
-0.4086398,0.02546329,0.9123405,232.2584,0.09487381,0.9953805,0.01471329,-0.4502008,-0.9077513,0.09256963,-0.4091678,-32.51137
-0.4116808,0.02580665,0.9109627,234.4478,0.09367349,0.9955027,0.01413118,-0.4516442,-0.9065011,0.09115057,-0.4122467,-33.50409
-0.4150772,0.025247,0.9094358,236.6402,0.09211869,0.9956438,0.01440382,-0.4545615,-0.9051105,0.08975472,-0.4155948,-34.50713
-0.4185234,0.02430782,0.9078807,238.8266,0.09099928,0.9957336,0.01528968,-0.456504,-0.9036356,0.08901555,-0.4189498,-35.51552
-0.4220821,0.02436985,0.90623,241.0098,0.09041717,0.9957859,0.01533419,-0.4583595,-0.9020374,0.08841102,-0.4225068,-36.53355
-0.4257271,0.023895,0.9045361,243.1866,0.08957398,0.995854,0.01585137,-0.4598154,-0.9004071,0.08777123,-0.4261024,-37.55871
-0.4295873,0.02463815,0.9026892,245.3571,0.08910321,0.9959061,0.01522154,-0.4618584,-0.8986186,0.08697147,-0.4300239,-38.59114
-0.4336948,0.0238628,0.9007439,247.5244,0.08796735,0.9959953,0.01596872,-0.461475,-0.8967556,0.08616158,-0.4340571,-39.63198
-0.4375346,0.02399626,0.8988814,249.6839,0.08785629,0.9960018,0.01617549,-0.461446,-0.8948993,0.0860497,-0.4378935,-40.68364
-0.4410215,0.02505593,0.8971467,251.8424,0.08852924,0.9959498,0.01570406,-0.4628392,-0.8931196,0.08634953,-0.4414534,-41.74631
-0.4446551,0.02500281,0.8953529,253.9896,0.08810197,0.9959839,0.01594074,-0.4623208,-0.8913584,0.08597047,-0.4450721,-42.81371
-0.4483033,0.02521558,0.8935258,256.1425,0.08717879,0.99607,0.01563027,-0.4599411,-0.8896201,0.08490359,-0.4487397,-43.89031
-0.4519337,0.0250705,0.8916992,258.2951,0.08700532,0.9960779,0.01609113,-0.4566041,-0.8877984,0.08485468,-0.4523424,-44.97777
-0.4553868,0.0259255,0.8899162,260.4446,0.08760414,0.9960298,0.01581181,-0.451586,-0.8859731,0.08516081,-0.4558499,-46.07408
-0.4588898,0.02701655,0.8880824,262.5925,0.08903314,0.9959048,0.01570853,-0.4468931,-0.884021,0.08627723,-0.4594159,-47.18398
-0.4621008,0.0289975,0.8863532,264.734,0.09121464,0.9957186,0.01497936,-0.4443228,-0.882124,0.08777034,-0.4627673,-48.30007
-0.4649723,0.02982926,0.8848226,266.892,0.09212184,0.9956371,0.01484476,-0.442692,-0.8805193,0.08841387,-0.4656915,-49.43452
-0.4678605,0.03190777,0.8832262,269.0255,0.0940277,0.9954733,0.01384527,-0.4394885,-0.8787863,0.08952536,-0.4687428,-50.56793
-0.4704908,0.03425764,0.8817397,271.1744,0.09593141,0.9953092,0.0125183,-0.4357941,-0.8771747,0.09047625,-0.4715702,-51.72041
-0.473287,0.03502027,0.8802119,273.3318,0.09677821,0.9952282,0.01244098,-0.4312748,-0.875576,0.09107347,-0.4744177,-52.88771
-0.4764989,0.03618638,0.8784301,275.487,0.09750257,0.9951642,0.01189447,-0.4244063,-0.8737517,0.09131687,-0.4777228,-54.06212
-0.4797661,0.03625912,0.8766469,277.658,0.09648349,0.9952665,0.01163754,-0.4182424,-0.8720753,0.09016523,-0.4809935,-55.25311
-0.483045,0.03738275,0.8747972,279.8273,0.0972756,0.9951946,0.01118587,-0.4128268,-0.8701752,0.09049968,-0.4843602,-56.45514
-0.4863612,0.03769826,0.8729443,282.0168,0.09634686,0.9952903,0.01069788,-0.4105826,-0.8684296,0.08930846,-0.4877027,-57.67414
-0.4891485,0.03754739,0.871392,284.1885,0.09474989,0.9954479,0.0102942,-0.4095589,-0.8670387,0.08759967,-0.4904794,-58.89251
-0.4918877,0.03780488,0.8698375,286.3724,0.09587566,0.995333,0.01095791,-0.4079618,-0.8653637,0.08878629,-0.4932166,-60.12956
-0.493898,0.03783481,0.8686964,288.5702,0.0974877,0.9951633,0.0120838,-0.4045488,-0.8640375,0.09065535,-0.4951976,-61.38495
-0.4959533,0.03775471,0.8675281,290.7704,0.09815965,0.9950882,0.01281034,-0.3986685,-0.8627832,0.09150956,-0.4972233,-62.64929
-0.4981567,0.03777312,0.8662639,292.9827,0.09815975,0.995085,0.01305774,-0.3908822,-0.861513,0.09153703,-0.499416,-63.92341
-0.500459,0.0371011,0.8649649,295.1953,0.09755645,0.9951348,0.01376055,-0.3821466,-0.8602462,0.09126948,-0.5016436,-65.20624
-0.5030179,0.03703289,0.8634823,297.4212,0.09842723,0.9950362,0.01466339,-0.3713999,-0.8586531,0.0923661,-0.504166,-66.50521
-0.5051574,0.03705698,0.8622313,299.6423,0.09892841,0.9949785,0.01519721,-0.3587114,-0.8573384,0.09297614,-0.5062867,-67.80874
-0.5071269,0.03780852,0.8610417,301.8763,0.09853901,0.9950298,0.01434445,-0.3470056,-0.8562198,0.09212063,-0.508332,-69.1256
-0.5093585,0.04004183,0.8596224,304.1141,0.09794371,0.9951234,0.01168175,-0.3372516,-0.8549625,0.09014478,-0.5107963,-70.4517
-0.5126685,0.0393128,0.8576862,306.3593,0.09633206,0.9952774,0.01196155,-0.3307952,-0.8531654,0.08875497,-0.5140344,-71.79168
-0.5171586,0.03690592,0.8550936,308.6134,0.09360376,0.995516,0.01364476,-0.3233356,-0.8507557,0.08709646,-0.5182942,-73.14403
-0.5220571,0.03451451,0.852212,310.8714,0.09114758,0.9957166,0.01550971,-0.3126191,-0.8480262,0.08577399,-0.5229668,-74.51245
-0.5268235,0.03309434,0.8493302,313.1301,0.08979367,0.9958171,0.01689507,-0.2971879,-0.8452184,0.08516518,-0.5275914,-75.90012
-0.5311682,0.03348928,0.8466043,315.3852,0.09017544,0.9957776,0.01718683,-0.2796424,-0.842454,0.08547199,-0.5319453,-77.30725
-0.5353072,0.03467362,0.8439455,317.6383,0.09238538,0.995566,0.01769624,-0.2578412,-0.8395898,0.08744113,-0.536137,-78.72988
-0.5390292,0.0358853,0.8415223,319.8954,0.0938117,0.9954336,0.0176416,-0.2381554,-0.8370465,0.08845395,-0.5399342,-80.17271
-0.5426799,0.03583575,0.8391748,322.1579,0.0942086,0.9953821,0.0184167,-0.2197853,-0.8346396,0.08905184,-0.5435499,-81.63211
-0.5466164,0.03426157,0.836682,324.412,0.09455334,0.9952979,0.02101626,-0.2016825,-0.8320277,0.09059888,-0.5472856,-83.10009
-0.5505309,0.03288636,0.8341668,326.6626,0.09308915,0.9954104,0.02219342,-0.1825361,-0.8296084,0.08987002,-0.5510655,-84.57972
-0.5542889,0.03278444,0.8316784,328.9055,0.09233886,0.9954779,0.02229974,-0.1608324,-0.8271864,0.08915672,-0.5548096,-86.06826
-0.5583189,0.03221365,0.8290008,331.1477,0.09187847,0.9955,0.02319514,-0.1383913,-0.8245231,0.08911758,-0.5587662,-87.57051
-0.5624024,0.03172657,0.8262548,333.384,0.09317394,0.9953308,0.02520143,-0.1125608,-0.8215973,0.09115875,-0.5627325,-89.08675
-0.5662656,0.03200649,0.8236012,335.6133,0.09376371,0.9952604,0.02578962,-0.08455148,-0.8188722,0.09182766,-0.5665827,-90.61426
-0.5699347,0.03105914,0.8211028,337.8389,0.09197118,0.9954173,0.02618521,-0.05242768,-0.8165266,0.09044163,-0.5701793,-92.15154
-0.5734629,0.02980165,0.8186893,340.056,0.09146806,0.9954189,0.02783523,-0.01599584,-0.8141093,0.09084638,-0.5735616,-93.70014
-0.5764348,0.02883221,0.8166344,342.2752,0.09162022,0.9953561,0.02952944,0.02333862,-0.8119905,0.09184199,-0.5763994,-95.26502
-0.5792285,0.02833649,0.8146726,344.4892,0.08960529,0.9955527,0.02908096,0.0633751,-0.8102254,0.08984348,-0.5791916,-96.83616
-0.5821727,0.02738547,0.8126039,346.701,0.08552969,0.9959502,0.02771149,0.1024766,-0.808554,0.08563461,-0.5821572,-98.41195
-0.5852817,0.02656025,0.810395,348.9103,0.08243732,0.9962335,0.02688668,0.1402984,-0.8066284,0.08254305,-0.5852667,-99.99813
-0.5884897,0.02360915,0.80816,351.1094,0.07975283,0.9963937,0.02896666,0.1754218,-0.8045616,0.08149961,-0.5882502,-101.5909
-0.5915552,0.02271379,0.8059445,353.3107,0.08013301,0.9963101,0.03073798,0.2141195,-0.8022725,0.08276596,-0.5911925,-103.2033
-0.5945947,0.02268037,0.8037057,355.4996,0.07939344,0.996373,0.03061917,0.2539708,-0.8000961,0.08201493,-0.5942387,-104.817
-0.5974407,0.02308157,0.8015809,357.6809,0.07813459,0.996505,0.02954148,0.2903191,-0.7980974,0.08028046,-0.5971561,-106.4411
-0.6007205,0.01876716,0.7992389,359.867,0.07511391,0.9966269,0.03305469,0.3297903,-0.7959226,0.07989057,-0.6001039,-108.0781
-0.6038752,0.01623428,0.7969136,362.0386,0.07242569,0.9967743,0.03457609,0.3801369,-0.7937816,0.07859665,-0.603103,-109.7167
-0.6068475,0.01634159,0.7946503,364.2051,0.07194258,0.9968139,0.03444111,0.433594,-0.7915556,0.07806967,-0.6060897,-111.3631
-0.6095901,0.01605467,0.7925543,366.3626,0.07126306,0.9968566,0.03461851,0.4855505,-0.7895071,0.07758292,-0.6088179,-113.0176
-0.6122075,0.01580857,0.7905392,368.5148,0.07108644,0.9968518,0.03511634,0.5357534,-0.7874952,0.07769508,-0.6114039,-114.6817
-0.6150181,0.01428418,0.7883836,370.6543,0.07043109,0.9968345,0.03688232,0.5857535,-0.7853612,0.07820999,-0.6140773,-116.3494
-0.6177963,0.01359792,0.7862206,372.7925,0.06786551,0.9970417,0.03608321,0.6347512,-0.7834041,0.07564932,-0.6168915,-118.0262
-0.6206707,0.01085791,0.7839962,374.9322,0.05885749,0.9977281,0.03277805,0.6806409,-0.7818591,0.06648841,-0.6198996,-119.7055
-0.6239941,0.01192773,0.7813381,377.0444,0.04951205,0.9984779,0.02429889,0.7141844,-0.7798589,0.053848,-0.6236348,-121.3733
-0.626626,0.02205789,0.7790079,379.1489,0.0590087,0.9980727,0.0192052,0.732239,-0.7770829,0.05800271,-0.6267199,-123.0734
-0.6274763,0.02388148,0.7782693,381.246,0.06664289,0.9975089,0.0231216,0.7514499,-0.7757784,0.06637436,-0.6275047,-124.7861
-0.6293392,0.01350458,0.7770134,383.3531,0.06579098,0.9971854,0.03595595,0.7912642,-0.7743408,0.07374895,-0.6284563,-126.4979
-0.6322787,0.00379499,0.7747318,385.4625,0.06029882,0.9971956,0.04432671,0.8581189,-0.7723909,0.07474223,-0.6307344,-128.2062
-0.6354821,-0.002169544,0.7721126,387.5638,0.05428748,0.9973957,0.0474835,0.9375737,-0.7702048,0.07209095,-0.6337093,-129.914
-0.6382772,-0.002563005,0.7698024,389.6489,0.05281065,0.9974927,0.04710871,1.01544,-0.767993,0.07072216,-0.6365415,-131.6273
-0.6407552,0.002180977,0.7677422,391.7168,0.05798493,0.9972772,0.045561,1.088896,-0.7655524,0.07371091,-0.639137,-133.3507
-0.6427141,0.009281153,0.76605,393.78,0.06314894,0.9971656,0.04090054,1.154913,-0.7634991,0.07466258,-0.6414785,-135.0831
-0.6451251,0.01299057,0.7639665,395.8385,0.0646599,0.997197,0.03764505,1.214067,-0.7613361,0.07368375,-0.6441568,-136.8244
-0.648012,0.0120272,0.7615352,397.8934,0.06400803,0.997198,0.03871714,1.272858,-0.7589357,0.07383352,-0.6469661,-138.5702
-0.6508502,0.01161103,0.7591174,399.9429,0.06462644,0.9971011,0.04015815,1.334967,-0.7564505,0.07519598,-0.6497138,-140.3176
-0.6532311,0.01121137,0.7570756,401.9775,0.06522569,0.9970066,0.04151452,1.399861,-0.7543439,0.07649933,-0.652007,-142.0688
-0.65506,0.01168809,0.7554865,404.0132,0.06588239,0.9969556,0.04170082,1.46395,-0.7526991,0.07708978,-0.6538357,-143.8398
-0.6564592,0.01172668,0.7542705,406.0396,0.06614536,0.9969228,0.04206862,1.53057,-0.751456,0.07750781,-0.6552147,-145.6094
-0.657674,0.01232267,0.7532019,408.0639,0.06689873,0.996871,0.04210482,1.596786,-0.7503263,0.07807948,-0.6564404,-147.3861
-0.6587023,0.01203487,0.7523075,410.0865,0.06824368,0.9967064,0.04380791,1.665192,-0.7493024,0.08019658,-0.657354,-149.1653
-0.6597711,0.01115265,0.7513839,412.0999,0.06999913,0.9964545,0.04667426,1.73948,-0.7481993,0.08339053,-0.6582125,-150.9391
-0.6608928,0.01078191,0.7504029,414.1199,0.07151847,0.996251,0.04867325,1.820766,-0.7470648,0.08583545,-0.6591862,-152.7256
-0.6619843,0.011472,0.74943,416.1297,0.07086687,0.9963615,0.04734596,1.902123,-0.74616,0.08445202,-0.6603886,-154.5063
-0.663447,0.01166464,0.7481324,418.1369,0.06703205,0.9967844,0.04390275,1.980352,-0.7452146,0.07927598,-0.6620955,-156.2858
-0.6647307,0.01113233,0.7470002,420.1401,0.06397313,0.9970645,0.04206859,2.051261,-0.744339,0.0757522,-0.6634915,-158.0701
-0.6658022,0.01000833,0.7460613,422.1413,0.06306201,0.997087,0.04290216,2.117805,-0.7434586,0.07561245,-0.6644938,-159.8579
-0.6666894,0.008669528,0.7452853,424.1424,0.06129618,0.9971829,0.0432323,2.186326,-0.7428109,0.07450564,-0.6653426,-161.6509
-0.6676013,0.008285427,0.7444729,426.1357,0.05852154,0.9974282,0.04137817,2.256082,-0.7422154,0.07119181,-0.6663692,-163.4423
-0.6684511,0.006991256,0.7437233,428.1288,0.05725191,0.9974725,0.04208085,2.325413,-0.7415493,0.07070856,-0.6671618,-165.2378
-0.668899,0.005516573,0.7433329,430.1109,0.05777251,0.9973336,0.04458581,2.396912,-0.7411049,0.07276759,-0.6674341,-167.032
-0.6688562,0.004782552,0.7433765,432.0961,0.05962807,0.9971024,0.04723569,2.47181,-0.7409965,0.07591998,-0.6672033,-168.831
-0.6679607,0.003317931,0.7441892,434.0721,0.06413589,0.9965262,0.05312338,2.549279,-0.7414277,0.08321354,-0.6658531,-170.628
-0.6664665,0.002245014,0.7455316,436.0531,0.06807604,0.9960011,0.05785718,2.650572,-0.7424204,0.08931269,-0.6639541,-172.4221
-0.6646993,0.000452568,0.7471109,438.042,0.06387629,0.9963726,0.05622671,2.755615,-0.7443754,0.08509651,-0.662317,-174.2029
-0.6640222,0.0007332386,0.7477126,440.03,0.05667972,0.9971716,0.04935776,2.84391,-0.7455615,0.07515477,-0.6621855,-175.9705
-0.6623343,-0.0016851,0.7492066,442.0339,0.05114571,0.9975629,0.04745893,2.921911,-0.7474606,0.06975236,-0.6606339,-177.7475
-0.6599321,-0.002489415,0.7513212,444.0392,0.04941883,0.9976851,0.04671333,3.006852,-0.7496982,0.06795703,-0.6582813,-179.52
-0.6571388,-0.00238472,0.7537658,446.046,0.05118087,0.997546,0.04777584,3.098726,-0.75203,0.06997374,-0.6554041,-181.2884
-0.6542341,-0.002031108,0.7562894,448.0532,0.05211326,0.9974985,0.04775987,3.192574,-0.7544945,0.07065882,-0.6524916,-183.0447
-0.6518127,-0.0007487279,0.7583797,450.064,0.05035348,0.9977501,0.04426288,3.278015,-0.7567065,0.06703814,-0.6503084,-184.7916
-0.6502861,-0.005694727,0.7596681,452.0924,0.04340385,0.99806,0.04463606,3.358861,-0.7584485,0.06199872,-0.6487773,-186.5327
-0.6493819,-0.01250006,0.7603597,454.1251,0.03451564,0.99835,0.04589046,3.436998,-0.7596787,0.05604473,-0.647879,-188.2652
-0.6487774,-0.01541144,0.7608223,456.158,0.02766377,0.9986564,0.04381885,3.516788,-0.7604753,0.04947588,-0.6474793,-189.9924
-0.6482236,-0.01648422,0.7612716,458.1873,0.0253538,0.998744,0.04321512,3.593514,-0.7610278,0.04731418,-0.6469915,-191.7203
-0.6471136,-0.01651054,0.7622149,460.2152,0.027166,0.9986312,0.0446953,3.669483,-0.7619095,0.04962925,-0.6457792,-193.4519
-0.645773,-0.01750312,0.7633289,462.2462,0.02915962,0.9984425,0.04756317,3.750848,-0.7629724,0.05297338,-0.6442568,-195.183
-0.6444217,-0.01938661,0.7644245,464.2791,0.02790781,0.9984163,0.0488476,3.835891,-0.7641608,0.05281186,-0.64286,-196.9059
-0.6434782,-0.02002168,0.7652026,466.3135,0.02551058,0.9985416,0.04757953,3.921999,-0.7650392,0.05013714,-0.6420289,-198.6214
-0.6425776,-0.01892421,0.7659869,468.3509,0.02470557,0.9986634,0.04539785,4.004216,-0.7658222,0.04809577,-0.6412512,-200.3376
-0.6415126,-0.01754977,0.7669117,470.3839,0.02511503,0.9987218,0.04386287,4.079549,-0.7667012,0.04739958,-0.6402518,-202.0483
-0.6403523,-0.01703864,0.7678924,472.4259,0.02727744,0.9986188,0.04490509,4.154116,-0.7675968,0.0497012,-0.639003,-203.7656
-0.6391027,-0.01702761,0.768933,474.4683,0.02897557,0.9985121,0.04619471,4.23021,-0.7685754,0.05180342,-0.6376583,-205.4787
-0.6382048,-0.01757702,0.769666,476.5113,0.02911652,0.998473,0.04694565,4.309712,-0.7693159,0.05237092,-0.6367184,-207.1855
-0.6372622,-0.01757278,0.7704467,478.5558,0.02893845,0.9984892,0.04671006,4.389454,-0.7701035,0.05206208,-0.6357909,-208.8868
-0.6364662,-0.01871761,0.7710775,480.606,0.028565,0.9984476,0.04781518,4.471449,-0.7707754,0.05245856,-0.6349435,-210.5886
-0.6357276,-0.01991678,0.7716565,482.6545,0.02804295,0.9984112,0.04887253,4.555624,-0.7714039,0.05270913,-0.634159,-212.2853
-0.6352032,-0.01912085,0.7721084,484.7071,0.02761545,0.998492,0.04744597,4.640076,-0.7718512,0.05145993,-0.6337172,-213.9826
-0.6347825,-0.01785998,0.7724845,486.7577,0.02769275,0.9985647,0.04584327,4.720801,-0.7721945,0.05049271,-0.6333767,-215.677
-0.6342247,-0.01826709,0.772933,488.8066,0.02810945,0.9985151,0.04666338,4.799764,-0.7726376,0.05132177,-0.6327694,-217.3707
-0.633766,-0.01964247,0.7732754,490.8629,0.02766558,0.9984623,0.04803691,4.88093,-0.7730299,0.05183726,-0.632248,-219.0659
-0.6336457,-0.02085277,0.7733423,492.9166,0.02629011,0.9984788,0.04846451,4.960767,-0.7731765,0.05104058,-0.6321335,-220.7576
-0.6337949,-0.02127668,0.7732085,494.9713,0.02566601,0.9984927,0.0485142,5.038016,-0.7730752,0.05059322,-0.6322934,-222.4476
-0.6339828,-0.02092726,0.773064,497.0247,0.02586268,0.9985009,0.04823971,5.116707,-0.7729146,0.05057664,-0.6324911,-224.1389
-0.6341946,-0.02049598,0.7729018,499.0722,0.02633335,0.998496,0.04808582,5.193552,-0.7727248,0.05084886,-0.632701,-225.827
-0.6344122,-0.02200092,0.7726818,501.1328,0.02608151,0.9984165,0.04984264,5.267707,-0.7725548,0.05177347,-0.6328337,-227.5274
-0.6346633,-0.02373341,0.7724243,503.1867,0.02489555,0.9983816,0.0511316,5.349108,-0.7723877,0.05168127,-0.6330452,-229.2205
-0.634928,-0.02408225,0.7721959,505.239,0.02462954,0.998375,0.05138734,5.43277,-0.7721786,0.05164608,-0.6333031,-230.9143
-0.6349925,-0.02411289,0.772142,507.2915,0.02397188,0.9984163,0.05089305,5.519275,-0.7721463,0.05082639,-0.6334088,-232.6072
-0.6350791,-0.0237202,0.7720828,509.3381,0.02396973,0.9984419,0.05039085,5.605249,-0.7720751,0.05050878,-0.633521,-234.2975
-0.6348712,-0.02289225,0.7722788,511.3939,0.02500734,0.9984284,0.05015379,5.689304,-0.7722131,0.05115382,-0.6333009,-235.9969
-0.6346135,-0.0230691,0.7724854,513.4454,0.02490848,0.9984245,0.05027928,5.773309,-0.7724282,0.05114933,-0.633039,-237.6908
-0.63463,-0.0231767,0.7724686,515.4974,0.02483037,0.9984226,0.05035575,5.857608,-0.7724171,0.05113794,-0.6330534,-239.3843
-0.6345169,-0.02292727,0.7725689,517.5493,0.0244334,0.9984653,0.04969846,5.942483,-0.7725227,0.05041099,-0.6329829,-241.0762
-0.6344472,-0.02404252,0.7725922,519.6014,0.02355973,0.9984503,0.05041814,6.026971,-0.772607,0.05018971,-0.6328975,-242.768
-0.6342276,-0.02435609,0.7727627,521.6574,0.02402674,0.9984,0.05118716,6.115358,-0.7727729,0.05103127,-0.6326276,-244.4639
-0.6339935,-0.02575882,0.7729093,523.7106,0.02390444,0.9983148,0.05287899,6.206642,-0.7729689,0.05200088,-0.6323092,-246.1557
-0.6337744,-0.02490629,0.7731169,525.7627,0.02433043,0.998345,0.05210735,6.29972,-0.7731352,0.05183455,-0.6321195,-247.8455
-0.6335759,-0.02408283,0.7733057,527.8159,0.02550849,0.9983218,0.05198975,6.392878,-0.7732599,0.05266529,-0.6318982,-249.5367
-0.6332811,-0.02430248,0.7735402,529.8651,0.02598185,0.9982758,0.05263383,6.486799,-0.7734856,0.05343001,-0.6315578,-251.2228
-0.6330458,-0.02523112,0.7737031,531.9262,0.0254323,0.9982513,0.0533626,6.582378,-0.7736964,0.05345801,-0.631297,-252.9158
-0.6331693,-0.02508594,0.7736068,533.9814,0.02469044,0.9983114,0.05258073,6.677372,-0.7736194,0.05239318,-0.6314807,-254.6036
-0.6333535,-0.02499187,0.773459,536.0377,0.02464368,0.9983201,0.05243722,6.771372,-0.7734701,0.05227216,-0.6316735,-256.2925
-0.6334203,-0.02622209,0.7733636,538.0951,0.02429114,0.9982593,0.05374308,6.865967,-0.7734266,0.05282782,-0.6316806,-257.983
-0.6335756,-0.02797597,0.7731749,540.1536,0.02391813,0.9981601,0.05571629,6.964906,-0.773311,0.05379337,-0.6317407,-259.6746
-0.63387,-0.02930732,0.7728842,542.2136,0.0227997,0.9981395,0.05654772,7.066817,-0.7731035,0.05346542,-0.6320225,-261.3661
-0.6341505,-0.02755763,0.7727184,544.2679,0.02260292,0.9982769,0.0541514,7.168745,-0.7728792,0.05180582,-0.6324348,-263.0547
-0.6343956,-0.02556962,0.7725856,546.3253,0.02211949,0.998443,0.05120768,7.265256,-0.772692,0.04957512,-0.6328422,-264.7478
-0.6344558,-0.02524481,0.7725468,548.376,0.02236926,0.9984482,0.05099748,7.35715,-0.7726354,0.04963694,-0.6329065,-266.4366
-0.6343588,-0.02722893,0.7725591,550.4365,0.02286776,0.9982811,0.05396156,7.450904,-0.7727004,0.05189768,-0.6326457,-268.1343
-0.6343774,-0.02825764,0.7725069,552.4956,0.02358501,0.9981589,0.05587963,7.551427,-0.7726636,0.05366835,-0.6325429,-269.8319
-0.634386,-0.02725994,0.7725357,554.5493,0.02445367,0.9981701,0.05530245,7.654529,-0.7726295,0.05397442,-0.6325585,-271.5254
-0.6344427,-0.02643894,0.7725176,556.6051,0.02466001,0.9982138,0.05441568,7.757167,-0.7725764,0.05357391,-0.6326574,-273.22
-0.634431,-0.0258212,0.7725481,558.6591,0.02523755,0.9982171,0.05408937,7.857401,-0.7725674,0.05381318,-0.6326482,-274.9141
-0.63433,-0.02548778,0.7726421,560.7204,0.026401,0.9981591,0.054602,7.957556,-0.7726114,0.0550342,-0.6324894,-276.6146
-0.6341833,-0.02586426,0.7727501,562.7775,0.02725792,0.9980711,0.05577597,8.058037,-0.7727021,0.05643573,-0.6322549,-278.3114
-0.6339634,-0.02711272,0.7728877,564.8386,0.02651517,0.9980357,0.05675999,8.161795,-0.7729084,0.05647699,-0.6319991,-280.0085
-0.6338899,-0.02726787,0.7729425,566.8959,0.02672909,0.998009,0.05712828,8.267916,-0.7729613,0.05687308,-0.6318989,-281.7021
-0.6335856,-0.0265924,0.7732155,568.9502,0.02770724,0.9979881,0.05702654,8.373989,-0.7731763,0.05755485,-0.631574,-283.3947
-0.6332114,-0.02777469,0.7734804,571.015,0.02817505,0.9978663,0.05889766,8.48345,-0.7734659,0.05908751,-0.6310777,-285.0936
-0.6328038,-0.02864444,0.7737822,573.0773,0.02691291,0.997898,0.05895046,8.593947,-0.7738443,0.05812879,-0.6307027,-286.7871
-0.6325817,-0.03043971,0.7738953,575.1384,0.02506042,0.9978996,0.05973487,8.705148,-0.7740881,0.05718131,-0.6304902,-288.4766
-0.6322726,-0.02939367,0.7741882,577.2007,0.02522994,0.9979688,0.05849503,8.816896,-0.774335,0.05651752,-0.6302467,-290.1677
-0.6317201,-0.02792959,0.7746933,579.254,0.02653593,0.9979859,0.05761843,8.924907,-0.7747422,0.05695591,-0.6297066,-291.8529
-0.6309177,-0.02685553,0.7753849,581.3141,0.02800142,0.9979614,0.05734878,9.03162,-0.7753443,0.05789422,-0.6288795,-293.5428
-0.6302434,-0.02707487,0.7759254,583.3713,0.02843217,0.9979165,0.0579149,9.137328,-0.7758768,0.05856172,-0.6281605,-295.2267
-0.6296791,-0.02867949,0.7763258,585.4383,0.02819705,0.9978161,0.05973258,9.245509,-0.7763434,0.05950244,-0.6274952,-296.9139
