-0.902256333350639 0.04740007256187789 -0.42858706067526026 -187.83120661794675 0.015226889131886277 0.9968223252202526 0.07818898136828424 1.45228150313723 0.43061766068388885 0.06438963626467258 -0.900234662447285 53.80570561299278
-0.9170657192849875 0.024440599243556356 -0.3979865896151712 -187.946550221073 0.017487930158620834 0.9996246330982322 0.021090511161951785 2.297742767860391 0.3980344823939761 0.012743477784769714 -0.9172819409314641 53.06961459509032
-0.9465235978081282 0.018019024547626605 -0.32213124360054357 -188.2450037361684 0.017479083304892014 0.9998368691545916 0.00456837028191677 2.3805890973302613 0.32183242592583156 -0.0009466098951612157 -0.9467962080321093 52.90245959717952
-0.970891230074106 0.03185204612549544 -0.2373937873967838 -188.41827989562452 0.024508738778554043 0.9991274272178434 0.03382069283732983 1.8768894265015907 0.23792928798731502 0.027382490997932336 -0.9708964648262973 53.14481291916799
-0.980369116517841 0.030107354223781246 -0.19485888786990627 -188.49978524339954 0.023979551893227823 0.99914330681504 0.033730248922999535 1.871328112819941 0.19536933448670704 0.02875935665547259 -0.9803079531341613 52.51633851316846
-0.990142390200113 0.025787671361167906 -0.13767062574423283 -188.50236503837107 0.020272182874692415 0.9989405020145856 0.041315268900177914 1.7897558100826496 0.13824728797689237 0.0384794141585588 -0.9896499132314737 52.18026014831923
-0.9983248131976264 0.02011040790216312 -0.05425259199289511 -188.754089430256 0.017822421835867457 0.9989447548317434 0.042329957493537504 1.7339616930102464 0.05469997995526719 0.04165241560168602 -0.997633662497596 51.88207858884513
-0.9998142035275711 0.018421017246043767 -0.005684419487056384 -188.71926231460932 0.018150485168805887 0.9988476714043866 0.044430247384993495 1.7939193064146384 0.006149244955287448 0.04467847302676925 -0.9989824635890694 50.87161852610419
-0.9997200142253397 -0.0030083202614807386 0.023474438452819463 -188.53386151977733 -0.0026190259839024197 0.9998587893994899 0.016601847475991843 2.2545697132635243 -0.023875443077244422 0.01688816163935781 -0.9995722662152926 50.41143996625652
-0.9977585682566598 -0.010648223691253813 0.06606580308550733 -188.39705178481 -0.011012959942410135 0.9999261365014043 -0.005157381169659146 2.5204430314122317 -0.06636264510586645 -0.005523630463302762 -0.9977802822698404 49.785700166546135
-0.9950829465197946 -0.03577336534038991 0.0923599411123763 -188.04529421754424 -0.040298378199425625 0.9980532937105074 -0.04760060505758266 3.0594101030969467 -0.09084336043108335 -0.050748276273757054 -0.994571306935108 48.983565735738544
-0.9882132401286958 -0.057924847587918035 0.14170208111027505 -187.77495542544892 -0.07078103597457854 0.9936526349259711 -0.08743322170470615 3.469801820768495 -0.13611256716418188 -0.09610164325925376 -0.9860212474430721 48.12732489498256
-0.9850828638394857 -0.09735888130759171 0.1418914777261577 -187.12979738664544 -0.11697772983706178 0.9836100385236324 -0.13721376005722744 3.9579917344056272 -0.12659648436856624 -0.15145168564549372 -0.9803242931832131 47.99676872641198
-0.9774677332391853 -0.03371859252212208 0.20837461407389585 -187.42011433121172 -0.043336981920947766 0.9981871609856017 -0.04176574016452833 2.8610173509797456 -0.2069494740291794 -0.049513990801060725 -0.9770979115010301 47.5741249351749
-0.9601268340258006 -0.01542374202738155 0.27913927065499017 -187.24337487771248 -0.024700209053829542 0.999252303335684 -0.029745068740148674 2.70146778215001 -0.27881995994456665 -0.03510599593355027 -0.9597015635188386 46.4961437021563
